 -1.2408312e-003  1.5947981e-002
  9.2209075e-003 -6.0302128e-002
 -1.0710010e-002 -3.4242356e-002
  1.4717192e-003  5.4993426e-002
  5.7373798e-003  7.2446103e-002
  3.7875498e-004  6.5186405e-002
 -4.3938091e-003  4.1848472e-002
 -9.3819974e-003  7.4254317e-002
  3.5021352e-003 -3.7809426e-002
 -4.2611753e-003 -6.3654666e-002
 -4.9889318e-002 -7.5538875e-002
 -5.1571462e-002  7.3151889e-002
 -5.5786113e-002 -6.0285408e-002
 -5.8642088e-002  8.6461406e-002
 -5.4117566e-002 -6.9752226e-002
 -5.9009404e-002  5.2443435e-002
 -4.6300330e-002  4.5103726e-002
 -4.0530578e-002 -3.6437926e-002
 -5.8702430e-002  5.1672975e-002
 -4.1827034e-002 -4.9029522e-002
 -4.6978447e-002 -4.6045633e-002
 -4.7926131e-002  8.5804231e-002
 -3.8858408e-002 -3.5327915e-002
 -5.4712572e-002 -1.8305899e-003
 -3.8739862e-002  7.5895315e-002
 -5.5986320e-002  3.7080479e-002
 -4.4955843e-002 -1.6875739e-002
 -6.1089780e-002  6.7934822e-002
 -5.1828233e-002  3.3997965e-002
 -4.4776598e-002  6.5351413e-002
 -5.0335189e-002  9.6140927e-005
 -3.9233075e-002 -2.5215529e-002
 -5.5576893e-002 -3.4728876e-002
 -4.4858693e-002 -4.4079405e-002
 -5.7748380e-002  9.5688386e-002
 -4.4916493e-002  6.8638579e-002
 -3.9645085e-002  8.8790989e-002
 -4.7171856e-002  1.0197959e-001
 -5.4063764e-002 -4.5870493e-002
 -5.4512519e-002  1.3862515e-002
 -5.9549171e-002  2.6509771e-002
 -5.3522300e-002  1.0489872e-001
 -6.0105089e-002  8.3410326e-002
 -4.8071356e-002  1.6554659e-002
 -3.9281613e-002  8.7610361e-002
 -5.0872311e-002  8.5213844e-002
 -4.7588263e-002  2.4837018e-003
 -4.8521902e-002 -4.1845562e-002
 -5.0881403e-002  9.1576479e-002
 -5.3984769e-002  1.0021625e-001
 -4.0211026e-002  9.4664998e-002
 -5.8021878e-002  7.7364970e-002
 -5.7464260e-002 -3.1890294e-002
 -5.1089777e-002  7.7463848e-002
 -5.7337436e-002 -2.1823013e-002
 -4.7593635e-002  5.8750416e-002
 -6.2374176e-002  3.0246845e-002
 -5.4328484e-002 -3.4682869e-002
 -4.4446742e-002  7.6554650e-002
 -4.9256966e-002  8.7450163e-002
 -4.8174013e-002  9.5078959e-002
 -5.0236728e-002  1.2203044e-001
 -5.4341117e-002 -6.5087099e-003
 -5.9372606e-002 -7.8980833e-003
 -5.1515355e-002  1.1011174e-001
 -5.2644388e-002 -1.2316466e-003
 -4.4055813e-002  9.4398616e-002
 -6.1300400e-002  1.8845736e-002
 -5.4891157e-002  3.8692114e-002
 -5.6397242e-002  9.6679222e-002
 -4.4541995e-002  7.7910623e-002
 -5.5197875e-002 -7.3825855e-003
 -4.9325061e-002  1.2076780e-001
 -5.8015941e-002 -3.9693880e-002
 -5.2295278e-002  5.5591618e-002
 -4.0933190e-002 -3.3666306e-002
 -5.8155308e-002  5.5123407e-003
 -5.2955250e-002  7.2566435e-002
 -4.2545008e-002  2.9926257e-002
 -9.4096576e-001  1.2246286e-001
 -9.4682366e-001  3.7401638e-003
 -9.4989816e-001  7.7330328e-002
 -9.4908855e-001  1.6563691e-001
 -9.5952985e-001  4.2835905e-001
 -9.6357300e-001  5.8068179e-001
 -9.5137470e-001  7.6378898e-001
 -9.5222848e-001  1.0298032e+000
 -9.5420858e-001  1.1243996e+000
 -9.5047702e-001  1.3018577e+000
 -9.6332882e-001  1.4608487e+000
 -9.6130447e-001  1.5990184e+000
 -9.6350590e-001  1.8646989e+000
 -9.4166691e-001  1.8802376e+000
 -9.5085516e-001  2.1087853e+000
 -9.5748973e-001  2.2150903e+000
 -9.5388222e-001  2.2342551e+000
 -9.4849238e-001  2.4440391e+000
 -9.5926567e-001  2.3983354e+000
 -9.6110653e-001  2.4814901e+000
 -9.4991266e-001  2.6484185e+000
 -9.4727112e-001  2.6506865e+000
 -9.5927521e-001  2.7524226e+000
 -9.4520032e-001  2.8804516e+000
 -9.5906909e-001  2.9314671e+000
 -9.5893492e-001  3.0090612e+000
 -9.4127794e-001  2.9788365e+000
 -9.6080961e-001  3.0634414e+000
 -9.4072825e-001  3.0760432e+000
 -9.4682658e-001  3.0521527e+000
 -9.4197320e-001  3.1155586e+000
 -9.4084636e-001  3.1304436e+000
 -9.4786670e-001  3.1404252e+000
 -9.6323871e-001  3.1868077e+000
 -9.4068816e-001  3.2993887e+000
 -9.6324669e-001  3.1585485e+000
 -9.4170320e-001  3.2574093e+000
 -9.4933846e-001  3.3370241e+000
 -9.5457926e-001  3.3347902e+000
 -9.4148344e-001  3.3168986e+000
 -9.5452021e-001  3.3648182e+000
 -9.6053327e-001  3.3829862e+000
 -9.4812449e-001  3.3199543e+000
 -9.5078106e-001  3.3649675e+000
 -9.5064369e-001  3.3829241e+000
 -9.4672980e-001  3.2749491e+000
 -9.4148490e-001  3.3917647e+000
 -9.5504032e-001  3.3697256e+000
 -9.4448339e-001  3.4349024e+000
 -9.6273450e-001  3.3272967e+000
 -9.6172435e-001  3.2968749e+000
 -9.5375590e-001  3.3250185e+000
 -9.5005530e-001  3.3832103e+000
 -9.4447576e-001  3.4500123e+000
 -9.6124557e-001  3.4592644e+000
 -9.6149711e-001  3.3099501e+000
 -9.5914818e-001  3.3164011e+000
 -9.4488798e-001  3.3810519e+000
 -9.5894584e-001  3.3725312e+000
 -9.4475110e-001  3.4259521e+000
 -9.5195965e-001  3.3524969e+000
 -9.5149194e-001  3.3718675e+000
 -9.5772345e-001  3.4553742e+000
 -9.4041302e-001  3.4916414e+000
 -9.5615473e-001  3.4155452e+000
 -9.4150392e-001  3.4725232e+000
 -9.4328985e-001  3.3715369e+000
 -9.5795479e-001  3.4185938e+000
 -9.4310329e-001  3.3465838e+000
 -1.4204934e-001  3.4020902e+000
 -1.4709277e-001  3.3554161e+000
 -1.3323798e-001  3.3245984e+000
 -1.4811905e-001  3.2768902e+000
 -1.2733778e-001  2.9955115e+000
 -1.4728093e-001  2.9265780e+000
 -1.4810141e-001  2.7233739e+000
 -1.4609383e-001  2.5555436e+000
 -1.3442703e-001  2.4032251e+000
 -1.2998626e-001  2.1466432e+000
 -1.4370996e-001  1.9501450e+000
 -1.4589569e-001  1.7917766e+000
 -1.3340958e-001  1.7893456e+000
 -1.2791186e-001  1.5929972e+000
 -1.4252749e-001  1.5136721e+000
 -1.3790794e-001  1.3581731e+000
 -1.4078752e-001  1.2138066e+000
 -1.3681335e-001  1.2047089e+000
 -1.4467205e-001  1.0398697e+000
 -1.4500512e-001  9.8415397e-001
 -1.3604844e-001  9.6134413e-001
 -1.3891414e-001  8.6802302e-001
 -1.3938602e-001  7.8288241e-001
 -1.4339043e-001  6.5175379e-001
 -1.3300147e-001  6.9473322e-001
 -1.4350309e-001  5.2038914e-001
 -1.2922638e-001  6.1079340e-001
 -1.4434028e-001  5.5764549e-001
 -1.2610864e-001  5.0085063e-001
 -1.2836058e-001  4.4339881e-001
 -1.2648661e-001  3.3955772e-001
 -1.3979286e-001  4.3793110e-001
 -1.3505714e-001  3.4836259e-001
 -1.2763065e-001  3.9526859e-001
 -1.2954922e-001  3.5448084e-001
 -1.3913672e-001  3.4465023e-001
 -1.4913603e-001  3.3224212e-001
 -1.3788149e-001  3.2492442e-001
 -1.4160981e-001  2.1068110e-001
 -1.4357149e-001  3.1174961e-001
 -1.3692073e-001  2.3334855e-001
 -1.3759923e-001  1.7974378e-001
 -1.3074481e-001  1.4393013e-001
 -1.3144232e-001  2.7897243e-001
 -1.3397658e-001  2.8875352e-001
 -1.3306383e-001  2.7502443e-001
 -1.3965203e-001  2.3073921e-001
 -1.4087526e-001  1.1012478e-001
 -1.4333344e-001  1.7732101e-001
 -1.4755055e-001  1.2695750e-001
 -1.3319529e-001  2.4322119e-001
 -1.4044137e-001  9.6060510e-002
 -1.3085189e-001  2.3653561e-001
 -1.3074307e-001  2.0566470e-001
 -1.4001637e-001  1.9706259e-001
 -1.4699899e-001  1.4185016e-001
 -1.4950659e-001  1.7859990e-001
 -1.3268681e-001  1.5595481e-001
 -1.2565076e-001  1.3342141e-001
 -1.2738454e-001  1.7219676e-001
 -1.3811392e-001  1.8081694e-001
 -1.2711788e-001  2.0843695e-001
 -1.2887022e-001  1.6505099e-001
 -1.4261768e-001  8.2413985e-002
 -1.4892972e-001  7.8998317e-002
 -1.3918378e-001  1.9972862e-001
 -1.3879365e-001  1.2508676e-001
 -1.4154564e-001  1.7613928e-001
 -1.4218829e-001  1.3427233e-001
  3.1662898e-002  1.3627651e-001
  1.7184677e-002  1.3760670e-001
  2.2686716e-002  2.0811496e-001
  2.5809649e-002  1.8963560e-001
  2.4173610e-002  1.9040818e-001
  2.5908180e-002  1.4766959e-001
  1.1615293e-002  1.3165490e-001
  1.1818070e-002  1.5778739e-001
  1.8973094e-002  1.5492838e-001
  2.5681743e-002  6.9175157e-002
  1.4144741e-002  5.2394628e-002
  2.0456437e-002 -3.8502298e-003
  1.3127981e-002  1.9958591e-003
  2.0318402e-002  8.7662596e-002
  1.0556466e-002 -1.5638870e-002
  2.2203295e-002 -3.9944852e-002
  3.0449841e-002  1.0281354e-001
  1.9060222e-002  7.6027834e-002
  1.8733686e-002  3.1743983e-002
  1.8871547e-002 -3.4335815e-003
  1.3104608e-002  4.6703447e-002
  1.2720249e-002 -9.3826355e-003
  1.0708898e-002 -4.5677074e-002
  2.7913171e-002 -7.0504285e-002
  1.1678613e-002  7.5529083e-002
  3.1807606e-002  3.2298520e-002
  2.8468872e-002 -4.2244001e-002
  1.1180242e-002 -8.2004224e-002
  2.3456815e-002  1.0597349e-002
  2.3281629e-002 -7.6307765e-002
  2.7978866e-002  4.1693998e-002
  2.5943956e-002  9.8743981e-003
  2.9103327e-002  7.5334263e-002
  2.5407357e-002  4.5757929e-002
  2.0915811e-002 -1.3229987e-002
  1.0065955e-002  9.7354702e-003
  2.7627480e-002 -2.3476639e-002
  2.9618244e-002 -2.2711576e-003
  2.3862368e-002  6.0481358e-003
  2.6796619e-002  5.9706166e-004
  1.2848851e-002  2.7974364e-002
  2.6752129e-002  3.0633227e-003
  1.2644322e-002  7.0781804e-002
  1.9947778e-002 -5.7421054e-002
  2.7549023e-002  2.6825149e-002
  9.6989646e-003  3.8772941e-002
  2.8637853e-002  5.2964073e-002
  2.6997444e-002 -1.2688304e-002
  2.6356363e-002 -6.0289448e-002
  1.0303567e-002  4.6154368e-002
  2.1296996e-002 -7.9822007e-002
  1.4763354e-002 -2.5267501e-002
  2.2247503e-002 -8.6872624e-002
  2.5574225e-002  2.4562409e-002
  1.8084240e-002  6.6811508e-002
  1.2431823e-002 -4.7057170e-002
  2.3962362e-002  1.9457443e-003
  1.2254542e-002 -3.9847888e-002
  2.0469984e-002 -7.6972473e-003
  1.8732917e-002  1.3137316e-002
  1.3006995e-002 -3.7753406e-003
  1.6903656e-002 -2.2665835e-002
  3.1276988e-002  3.2519089e-002
  1.1052813e-002  2.4054882e-002
  3.0390008e-002 -8.9217104e-002
  1.6457855e-002 -6.1602387e-002
  1.0316778e-002  1.3472317e-002
  2.7187679e-002 -9.8199934e-002
  2.0254155e-002  1.0413832e-002
 -2.0646799e-001 -4.5454943e-002
 -1.9413589e-001  6.3379497e-002
 -1.9235011e-001  2.3844562e-002
 -1.9236609e-001  4.2898026e-002
 -1.8787359e-001  1.5127789e-002
 -1.8651663e-001  5.5808558e-002
 -1.9363881e-001  5.0235887e-002
 -1.8446573e-001  1.5804098e-002
 -1.9452974e-001  1.2999721e-001
 -2.0480454e-001  1.4473138e-001
 -1.9153423e-001  3.5838886e-002
 -1.8635655e-001 -5.2664003e-004
 -1.9155117e-001  5.1998663e-002
 -1.9578269e-001  1.2031481e-001
 -2.0070152e-001  1.6251844e-001
 -1.9154309e-001  1.4699992e-001
 -2.0364218e-001  1.7446074e-001
 -1.8811366e-001  5.3515986e-002
 -1.8944582e-001  6.0197358e-002
 -2.0351377e-001  6.6818299e-002
 -1.9786998e-001  2.1696806e-001
 -1.9237470e-001  1.0850707e-001
 -1.9480404e-001  1.6345752e-001
 -2.0611758e-001  1.3946121e-001
 -2.0618967e-001  2.1108253e-001
 -1.9318967e-001  1.3532996e-001
 -1.9806227e-001  1.5840390e-001
 -1.9484515e-001  1.3784925e-001
 -1.9017025e-001  2.1106197e-001
 -1.8742284e-001  1.8242472e-001
 -2.0263475e-001  1.8268332e-001
 -1.8615102e-001  1.0164839e-001
 -2.0280177e-001  1.6992872e-001
 -1.8573380e-001  1.1540173e-001
 -1.9728103e-001  1.3493339e-001
 -2.0091064e-001  1.3488029e-001
 -1.9347365e-001  2.5790430e-001
 -1.8889140e-001  2.5754300e-001
 -1.9849522e-001  1.4921631e-001
 -1.9130487e-001  1.4345715e-001
 -1.9703352e-001  2.5025665e-001
 -1.9389344e-001  1.1378817e-001
 -2.0212120e-001  2.4882366e-001
 -1.8548064e-001  1.4235465e-001
 -1.9380875e-001  2.6659316e-001
 -2.0486688e-001  1.9825270e-001
 -1.9314434e-001  2.6496303e-001
 -2.0537166e-001  2.4972221e-001
 -1.9168678e-001  1.3816928e-001
 -1.9987744e-001  2.6802930e-001
 -1.9870159e-001  2.2009414e-001
 -2.0097041e-001  2.0672165e-001
 -1.8519979e-001  2.2023288e-001
 -1.8924438e-001  1.9948997e-001
 -1.9143937e-001  1.3979076e-001
 -1.9194897e-001  1.7211245e-001
 -1.9664216e-001  2.1163105e-001
 -1.9780117e-001  2.6378698e-001
 -1.8708442e-001  2.4860179e-001
 -1.9109952e-001  1.2242899e-001
 -1.8663623e-001  2.5896649e-001
 -2.0726843e-001  1.9754055e-001
 -1.9238298e-001  1.2350251e-001
 -2.0750245e-001  2.7772257e-001
 -1.9988844e-001  1.3069809e-001
 -2.0541866e-001  1.9723150e-001
 -1.8549520e-001  2.5000400e-001
 -1.9383932e-001  2.0408861e-001
 -1.8592837e-001  1.3066342e-001
  5.8886282e-001  2.6062466e-001
  6.0486900e-001  1.1672648e-001
  5.8493097e-001  1.1607772e-001
  5.8941933e-001  1.2001483e-001
  6.0587314e-001  3.7837631e-002
  5.8378360e-001 -1.0113107e-004
  5.8706082e-001 -1.0315984e-001
  5.8801525e-001 -1.0287491e-001
  5.8689561e-001 -1.9046441e-001
  5.9917811e-001 -2.2379686e-001
  5.9639247e-001 -2.8107707e-001
  5.9789578e-001 -3.3787091e-001
  5.8566300e-001 -4.6571846e-001
  6.0694366e-001 -5.6998927e-001
  5.9606972e-001 -5.8456147e-001
  5.9786403e-001 -6.0432602e-001
  5.8726256e-001 -7.0557536e-001
  6.0356432e-001 -6.3782976e-001
  6.0136458e-001 -7.5991187e-001
  5.8552116e-001 -6.8462312e-001
  6.0103639e-001 -8.3664685e-001
  5.8920145e-001 -7.1344216e-001
  6.0472191e-001 -8.4880991e-001
  5.8514992e-001 -7.6069293e-001
  5.8971720e-001 -8.4603945e-001
  5.9202526e-001 -8.9436591e-001
  5.8968010e-001 -9.2714418e-001
  5.8447679e-001 -8.8493590e-001
  5.9394148e-001 -8.7875622e-001
  6.0338945e-001 -9.3135769e-001
  5.8937561e-001 -9.6291595e-001
  6.0346944e-001 -9.5931874e-001
  5.9327762e-001 -9.4266512e-001
  5.9997137e-001 -9.1292777e-001
  6.0059136e-001 -9.6122325e-001
  5.8312350e-001 -8.8565764e-001
  5.9496892e-001 -1.0611944e+000
  5.9825537e-001 -1.0281886e+000
  6.0445717e-001 -1.0151849e+000
  6.0153833e-001 -9.9811330e-001
  5.9739388e-001 -9.9657217e-001
  5.8995082e-001 -9.3278629e-001
  6.0277770e-001 -1.0744134e+000
  5.9848662e-001 -1.0005081e+000
  5.9564826e-001 -1.0088939e+000
  5.9176073e-001 -1.0669355e+000
  5.9376921e-001 -1.0113328e+000
  5.8470353e-001 -1.0482176e+000
  5.9236212e-001 -1.0884126e+000
  6.0502394e-001 -1.0176837e+000
  5.8317380e-001 -9.6086704e-001
  5.8420704e-001 -9.8812256e-001
  5.9363259e-001 -1.0170479e+000
  5.9938141e-001 -9.5058569e-001
  5.8571698e-001 -1.0762234e+000
  5.9310555e-001 -1.0107440e+000
  5.9060741e-001 -9.8270363e-001
  5.9383651e-001 -1.0086835e+000
  5.9554513e-001 -9.8013703e-001
  5.9393820e-001 -1.0317046e+000
  6.0306489e-001 -9.7748290e-001
  6.0663906e-001 -1.1032659e+000
  5.9847751e-001 -1.0674337e+000
  5.8905073e-001 -1.0676990e+000
  5.8540337e-001 -1.0383993e+000
  5.8586101e-001 -1.1164363e+000
  6.0344141e-001 -1.0680010e+000
  5.9205203e-001 -1.0813662e+000
  6.0579780e-001 -9.9350509e-001
  6.9146683e-001 -1.0564758e+000
  7.0398317e-001 -1.0082777e+000
  6.9172656e-001 -9.8629571e-001
  7.0531275e-001 -1.1058179e+000
  6.9850582e-001 -1.0286703e+000
  6.9466558e-001 -1.0543961e+000
  7.0202183e-001 -1.2114046e+000
  7.0156246e-001 -1.1214065e+000
  7.0746264e-001 -1.2106367e+000
  7.0236948e-001 -1.1430592e+000
  6.9281867e-001 -1.2574516e+000
  7.1032885e-001 -1.2176348e+000
  6.9071300e-001 -1.2613924e+000
  6.8950642e-001 -1.2203705e+000
  7.0164812e-001 -1.2666860e+000
  7.0700815e-001 -1.3690120e+000
  7.0016411e-001 -1.3110061e+000
  6.9229705e-001 -1.2875269e+000
  6.9137368e-001 -1.4399782e+000
  6.9839710e-001 -1.4613468e+000
  6.9942885e-001 -1.4701227e+000
  7.1064818e-001 -1.3367583e+000
  7.0292741e-001 -1.4606851e+000
  6.9647701e-001 -1.3398676e+000
  6.9745175e-001 -1.3967301e+000
  7.0810672e-001 -1.3633807e+000
  7.0197628e-001 -1.4731194e+000
  6.8930434e-001 -1.4645866e+000
  7.0792934e-001 -1.4098740e+000
  6.9952923e-001 -1.3768260e+000
  7.0046020e-001 -1.4822197e+000
  6.9938845e-001 -1.5258604e+000
  7.0747757e-001 -1.4095837e+000
  6.9077579e-001 -1.4657978e+000
  6.9997928e-001 -1.4825840e+000
  6.9146376e-001 -1.5131442e+000
  6.8867645e-001 -1.4946331e+000
  6.9044542e-001 -1.4582463e+000
  6.8851811e-001 -1.4984935e+000
  7.0945083e-001 -1.4525838e+000
  7.0007453e-001 -1.4061255e+000
  6.9494082e-001 -1.4283516e+000
  6.9591904e-001 -1.5592167e+000
  6.9204154e-001 -1.4581019e+000
  7.1144734e-001 -1.5178209e+000
  6.9924377e-001 -1.4872088e+000
  7.0368924e-001 -1.4857981e+000
  6.9078237e-001 -1.4878276e+000
  6.9711817e-001 -1.4602626e+000
  7.1122840e-001 -1.5060756e+000
  7.1136241e-001 -1.4240719e+000
  6.8948985e-001 -1.5346719e+000
  6.9681295e-001 -1.4190937e+000
  7.0489446e-001 -1.4973627e+000
  6.9518853e-001 -1.4816462e+000
  7.0266819e-001 -1.5334646e+000
  6.9790534e-001 -1.5317478e+000
  6.9188175e-001 -1.4337660e+000
  6.9604785e-001 -1.5657859e+000
  7.0329142e-001 -1.4843271e+000
  7.0615819e-001 -1.4959324e+000
  7.0739816e-001 -1.5691044e+000
  6.9031759e-001 -1.4146353e+000
  6.9090348e-001 -1.5034349e+000
  6.9828061e-001 -1.4533200e+000
  7.0015340e-001 -1.5250646e+000
  6.9885521e-001 -1.4726179e+000
  6.9544878e-001 -1.5220148e+000
  6.9842080e-001 -1.5748347e+000
  6.7365118e-001 -1.5679407e+000
  6.7827372e-001 -1.5509096e+000
  6.8300755e-001 -1.4127698e+000
  6.7035382e-001 -1.5484568e+000
  6.6884948e-001 -1.4138337e+000
  6.7274940e-001 -1.5213816e+000
  6.7501177e-001 -1.4391163e+000
  6.7356335e-001 -1.5244881e+000
  6.6894504e-001 -1.4170777e+000
  6.7831032e-001 -1.4901714e+000
  6.7970575e-001 -1.4401200e+000
  6.8201526e-001 -1.4604414e+000
  6.6414203e-001 -1.4279624e+000
  6.8002851e-001 -1.4438539e+000
  6.6460938e-001 -1.4424138e+000
  6.6264654e-001 -1.3887310e+000
  6.7540158e-001 -1.4669691e+000
  6.7301803e-001 -1.3957561e+000
  6.6270299e-001 -1.3893458e+000
  6.6388949e-001 -1.3507499e+000
  6.6152853e-001 -1.3622700e+000
  6.6848077e-001 -1.3182675e+000
  6.6495662e-001 -1.4627965e+000
  6.6071016e-001 -1.3767059e+000
  6.8249179e-001 -1.4009635e+000
  6.7089871e-001 -1.3491815e+000
  6.6236514e-001 -1.4170656e+000
  6.7811860e-001 -1.3674351e+000
  6.7226066e-001 -1.3991298e+000
  6.6264380e-001 -1.4063200e+000
  6.8034061e-001 -1.3100349e+000
  6.8322443e-001 -1.3555301e+000
  6.6437842e-001 -1.4150104e+000
  6.6794567e-001 -1.4225204e+000
  6.6386672e-001 -1.4055809e+000
  6.7937982e-001 -1.4304408e+000
  6.8373032e-001 -1.3890173e+000
  6.7984739e-001 -1.3631637e+000
  6.7888874e-001 -1.3822197e+000
  6.7823882e-001 -1.2976629e+000
  6.7585065e-001 -1.3525315e+000
  6.8233029e-001 -1.3353414e+000
  6.7817009e-001 -1.4110304e+000
  6.6843739e-001 -1.4211805e+000
  6.6262519e-001 -1.3785085e+000
  6.7331134e-001 -1.4109928e+000
  6.7446148e-001 -1.4065905e+000
  6.7510290e-001 -1.2935139e+000
  6.7644102e-001 -1.4094342e+000
  6.8154046e-001 -1.4142098e+000
  6.7352522e-001 -1.4450547e+000
  6.6555818e-001 -1.3480457e+000
  6.6732752e-001 -1.3012857e+000
  6.7727621e-001 -1.4040155e+000
  6.7750483e-001 -1.3599363e+000
  6.6059742e-001 -1.3448942e+000
  6.7976816e-001 -1.3425848e+000
  6.7975928e-001 -1.4420842e+000
  6.7736197e-001 -1.2839702e+000
  6.6223781e-001 -1.3619887e+000
  6.6297395e-001 -1.3978300e+000
  6.8089780e-001 -1.3472883e+000
  6.6235108e-001 -1.4395238e+000
  6.6571578e-001 -1.3287106e+000
  6.8198876e-001 -1.4187661e+000
  6.6064974e-001 -1.3415033e+000
  6.6825209e-001 -1.2894377e+000
  6.7877864e-001 -1.4265770e+000
  6.8170443e-001 -1.3334739e+000
 -7.4713335e-001 -1.3253405e+000
 -7.4150603e-001 -1.4198276e+000
 -7.4674199e-001 -1.3221364e+000
 -7.3019173e-001 -1.2139766e+000
 -7.3296130e-001 -1.0458205e+000
 -7.3264593e-001 -8.4177533e-001
 -7.3660279e-001 -6.5970887e-001
 -7.2921584e-001 -5.4367244e-001
 -7.3699730e-001 -3.1564835e-001
 -7.2921967e-001 -2.0271476e-001
 -7.2785924e-001 -1.9319394e-002
 -7.3869434e-001  1.3598065e-001
 -7.4265450e-001  3.0810443e-001
 -7.3820377e-001  5.2898330e-001
 -7.4630670e-001  5.5223588e-001
 -7.2983452e-001  7.7460405e-001
 -7.4210350e-001  7.6997700e-001
 -7.2883275e-001  8.2753124e-001
 -7.3139671e-001  9.7774226e-001
 -7.3883256e-001  1.0437800e+000
 -7.2992484e-001  1.1310055e+000
 -7.4052271e-001  1.2546109e+000
 -7.5047579e-001  1.2033896e+000
 -7.4612974e-001  1.2872242e+000
 -7.3244053e-001  1.3624150e+000
 -7.3046096e-001  1.4477478e+000
 -7.4275610e-001  1.4654382e+000
 -7.2886493e-001  1.4784164e+000
 -7.3082720e-001  1.4680229e+000
 -7.3568559e-001  1.5958773e+000
 -7.3007188e-001  1.6705244e+000
 -7.4982574e-001  1.6055670e+000
 -7.4055124e-001  1.6351253e+000
 -7.3736768e-001  1.7473797e+000
 -7.3555725e-001  1.7375722e+000
 -7.2757191e-001  1.7688905e+000
 -7.3546763e-001  1.8041720e+000
 -7.4760175e-001  1.7559525e+000
 -7.3233111e-001  1.6946710e+000
 -7.3803831e-001  1.7399053e+000
 -7.4039093e-001  1.7714542e+000
 -7.4993404e-001  1.8157273e+000
 -7.4622527e-001  1.7842589e+000
 -7.3051959e-001  1.7587873e+000
 -7.2966840e-001  1.8245633e+000
 -7.4410111e-001  1.8995012e+000
 -7.3678035e-001  1.8219087e+000
 -7.4515538e-001  1.8635174e+000
 -7.4788327e-001  1.8402112e+000
 -7.3593379e-001  1.8916900e+000
 -7.3053550e-001  1.9042427e+000
 -7.4891579e-001  1.8423229e+000
 -7.4132161e-001  1.8046880e+000
 -7.2925420e-001  1.8383071e+000
 -7.4998350e-001  1.7865560e+000
 -7.5080147e-001  1.7870295e+000
 -7.2795614e-001  1.8805214e+000
 -7.3124213e-001  1.8573632e+000
 -7.3776224e-001  1.9043653e+000
 -7.3212792e-001  1.8108749e+000
 -7.3073473e-001  1.9181949e+000
 -7.3763614e-001  1.8530399e+000
 -7.4069424e-001  1.8574341e+000
 -7.3959612e-001  1.9283200e+000
 -7.5061606e-001  1.8800013e+000
 -7.4198283e-001  1.8561930e+000
 -7.4098101e-001  1.8595956e+000
 -7.4572222e-001  1.9220823e+000
 -7.4859659e-001  1.9679162e+000
  7.4842577e-001  1.8101785e+000
  7.6342028e-001  1.8619089e+000
  7.4232024e-001  1.8187835e+000
  7.4757158e-001  1.6956256e+000
  7.5927869e-001  1.5083954e+000
  7.5695448e-001  1.2592449e+000
  7.4716307e-001  1.0584283e+000
  7.6299087e-001  8.9040979e-001
  7.6599428e-001  6.5833421e-001
  7.6407248e-001  5.3795685e-001
  7.5853626e-001  2.6675435e-001
  7.5315651e-001  1.0779763e-001
  7.5191706e-001  2.5325979e-002
  7.5528983e-001 -1.4366243e-001
  7.5557494e-001 -3.5677475e-001
  7.4376793e-001 -3.7367143e-001
  7.5516927e-001 -4.8989528e-001
  7.4322039e-001 -6.2553731e-001
  7.5996795e-001 -7.5217336e-001
  7.4771347e-001 -8.1325521e-001
  7.5055078e-001 -1.0091323e+000
  7.4493756e-001 -9.5189108e-001
  7.4720864e-001 -1.1609073e+000
  7.6039527e-001 -1.2105488e+000
  7.5186272e-001 -1.2469752e+000
  7.5742506e-001 -1.3070587e+000
  7.6505789e-001 -1.3409141e+000
  7.6205326e-001 -1.2869431e+000
  7.4580707e-001 -1.4602455e+000
  7.6541336e-001 -1.3727973e+000
  7.5989426e-001 -1.4860851e+000
  7.4574896e-001 -1.4820012e+000
  7.6013736e-001 -1.4700797e+000
  7.5598356e-001 -1.4991783e+000
  7.5675092e-001 -1.5933054e+000
  7.4592428e-001 -1.5705560e+000
  7.4522757e-001 -1.5968269e+000
  7.5964947e-001 -1.5615787e+000
  7.5499392e-001 -1.6224689e+000
  7.4319530e-001 -1.6200236e+000
  7.5167515e-001 -1.5814992e+000
  7.6291602e-001 -1.6935476e+000
  7.6339538e-001 -1.7293537e+000
  7.4738888e-001 -1.7069425e+000
  7.5616715e-001 -1.6873020e+000
  7.4718055e-001 -1.7428750e+000
  7.6473379e-001 -1.7350495e+000
  7.6226682e-001 -1.7924492e+000
  7.6231658e-001 -1.6485845e+000
  7.5698059e-001 -1.7757418e+000
  7.4777468e-001 -1.6971509e+000
  7.4265274e-001 -1.6950778e+000
  7.5524447e-001 -1.8016002e+000
  7.5173814e-001 -1.7312926e+000
  7.6203710e-001 -1.8195035e+000
  7.6104775e-001 -1.7125702e+000
  7.6316022e-001 -1.7615183e+000
  7.5336897e-001 -1.7539669e+000
  7.5570917e-001 -1.7719245e+000
  7.6085839e-001 -1.7921374e+000
  7.5654716e-001 -1.6839496e+000
  7.4401633e-001 -1.7020933e+000
  7.5537215e-001 -1.7190862e+000
  7.5833929e-001 -1.7495894e+000
  7.6031212e-001 -1.8147316e+000
  7.4670087e-001 -1.7670734e+000
  7.4793638e-001 -1.7761696e+000
  7.5817030e-001 -1.8207604e+000
  7.6581923e-001 -1.7704359e+000
  1.5758101e-001 -1.8185927e+000
  1.6268718e-001 -1.6988147e+000
  1.5965960e-001 -1.8181005e+000
  1.5574332e-001 -1.7147739e+000
  1.5224642e-001 -1.6646662e+000
  1.7254613e-001 -1.5624941e+000
  1.5967556e-001 -1.3659589e+000
  1.7227263e-001 -1.3701404e+000
  1.5346978e-001 -1.1842254e+000
  1.6796862e-001 -1.1022994e+000
  1.7129141e-001 -1.0679278e+000
  1.5061464e-001 -9.2363778e-001
  1.7130504e-001 -9.3696489e-001
  1.6090038e-001 -9.3314384e-001
  1.7223441e-001 -7.4170924e-001
  1.6868914e-001 -8.1598784e-001
  1.5030610e-001 -6.2119328e-001
  1.7090956e-001 -6.9576365e-001
  1.5481781e-001 -5.9089034e-001
  1.6899786e-001 -5.5901018e-001
  1.5170172e-001 -4.8325013e-001
  1.6475170e-001 -5.2526797e-001
  1.6993058e-001 -5.1874339e-001
  1.5458030e-001 -4.7777502e-001
  1.6100376e-001 -4.2649827e-001
  1.5588411e-001 -3.3314000e-001
  1.4960614e-001 -3.3078609e-001
  1.7066099e-001 -3.9476721e-001
  1.5084575e-001 -3.9920737e-001
  1.6864506e-001 -2.4264922e-001
  1.6021442e-001 -2.2732241e-001
  1.5844896e-001 -3.4215004e-001
  1.4926602e-001 -2.1843143e-001
  1.6338249e-001 -1.7706253e-001
  1.6234697e-001 -1.9224017e-001
  1.5857014e-001 -2.9011484e-001
  1.6769696e-001 -2.7498278e-001
  1.7081088e-001 -2.1560996e-001
  1.5222441e-001 -1.8897194e-001
  1.5544616e-001 -1.6541574e-001
  1.6372713e-001 -1.7346193e-001
  1.5388888e-001 -2.1591942e-001
  1.6584773e-001 -1.8300097e-001
  1.6331846e-001 -9.8755261e-002
  1.6491291e-001 -1.4221330e-001
  1.5296590e-001 -1.3300314e-001
  1.6111368e-001 -1.1006053e-001
  1.7248170e-001 -2.1302928e-001
  1.5213266e-001 -1.1320450e-001
  1.6099996e-001 -1.6388586e-001
  1.7230244e-001 -1.4174096e-001
  1.5022340e-001 -1.6425726e-001
  1.5596932e-001 -1.6518661e-001
  1.6013697e-001 -1.9199694e-001
  1.6667788e-001 -1.7680635e-001
  1.5861402e-001 -1.8279629e-001
  1.6367388e-001 -2.2388037e-001
  1.5471604e-001 -1.5767527e-001
  1.5005183e-001 -8.8566812e-002
  1.5892076e-001 -1.5330037e-001
  1.6500548e-001 -1.4229430e-001
  1.5384978e-001 -8.0626472e-002
  1.5270372e-001 -8.7565236e-002
  1.6564888e-001 -1.3462656e-001
  1.6601165e-001 -1.3220082e-001
  1.4908313e-001 -1.0719327e-001
  1.7243538e-001 -1.1498520e-001
  1.4908320e-001 -1.8762686e-001
  1.6255068e-001 -1.2219112e-001
 -8.9912850e-001 -1.5900358e-001
 -8.9360879e-001 -8.5752123e-002
 -8.9308390e-001 -7.5959291e-002
 -8.9315156e-001  4.3981456e-002
 -9.1023912e-001  1.1510009e-001
 -9.0455865e-001  3.0760427e-001
 -8.9868504e-001  4.5171470e-001
 -9.1374472e-001  6.8049964e-001
 -8.9278662e-001  8.2638901e-001
 -9.0804954e-001  1.0951541e+000
 -9.1345736e-001  1.2625074e+000
 -9.1464295e-001  1.2973609e+000
 -9.0570190e-001  1.5155094e+000
 -9.1501364e-001  1.5539323e+000
 -9.1310428e-001  1.7540687e+000
 -9.1397353e-001  1.7666869e+000
 -9.0085556e-001  1.9928521e+000
 -8.9452109e-001  2.0200177e+000
 -8.9696964e-001  2.1506930e+000
 -9.0549906e-001  2.1385733e+000
 -9.0580780e-001  2.3119406e+000
 -9.1246094e-001  2.3020392e+000
 -9.1256255e-001  2.4316425e+000
 -9.0128897e-001  2.4652276e+000
 -9.0604862e-001  2.5293245e+000
 -8.9500929e-001  2.6301252e+000
 -8.9935806e-001  2.5967780e+000
 -8.9762567e-001  2.5576679e+000
 -8.9707724e-001  2.6004343e+000
 -8.9265676e-001  2.7207208e+000
 -8.9543173e-001  2.7417037e+000
 -9.0589482e-001  2.6993350e+000
 -8.9867677e-001  2.8317388e+000
 -8.9449196e-001  2.8498851e+000
 -8.9823986e-001  2.8487636e+000
 -8.9124774e-001  2.8633521e+000
 -9.0285911e-001  2.8810933e+000
 -8.9172881e-001  2.9414575e+000
 -8.9126935e-001  2.9483805e+000
 -8.9820865e-001  2.9766908e+000
 -9.1035540e-001  2.8545976e+000
 -9.0263471e-001  2.9326461e+000
 -9.0862852e-001  2.9599338e+000
 -9.0215653e-001  2.9358434e+000
 -8.9870011e-001  2.9237151e+000
 -9.0328212e-001  2.9752040e+000
 -9.1370473e-001  2.8838973e+000
 -9.0259484e-001  2.9812081e+000
 -9.0414351e-001  3.0001646e+000
 -9.0430253e-001  3.0212294e+000
 -8.9846269e-001  2.9690320e+000
 -9.1496390e-001  2.9398875e+000
 -9.0886932e-001  3.0167685e+000
 -8.9116498e-001  3.0313977e+000
 -9.0977076e-001  3.0072194e+000
 -9.0422792e-001  2.9966995e+000
 -8.9695660e-001  2.9643495e+000
 -9.0311971e-001  3.0163277e+000
 -8.9517503e-001  2.9492205e+000
 -8.9247961e-001  3.0274893e+000
 -9.0316036e-001  2.9807476e+000
 -8.9719876e-001  2.9704910e+000
 -9.1147788e-001  3.0021798e+000
 -9.1466055e-001  2.9736440e+000
 -9.0403984e-001  3.0162631e+000
 -9.0679543e-001  3.0304679e+000
 -8.9202313e-001  3.0369241e+000
 -8.9478494e-001  3.0286158e+000
 -9.1259049e-001  2.9316221e+000
 -7.4310008e-001  2.9559774e+000
 -7.4639243e-001  3.0042002e+000
 -7.4761453e-001  2.9228420e+000
 -7.3323556e-001  2.9728599e+000
 -7.3901355e-001  2.9196937e+000
 -7.3004510e-001  2.8976239e+000
 -7.4840193e-001  2.7136835e+000
 -7.3158072e-001  2.6336132e+000
 -7.3301957e-001  2.6973146e+000
 -7.4404127e-001  2.6304655e+000
 -7.4641054e-001  2.5813103e+000
 -7.4816844e-001  2.4258376e+000
 -7.4266768e-001  2.4769557e+000
 -7.3832441e-001  2.3917351e+000
 -7.4242404e-001  2.4200792e+000
 -7.4965347e-001  2.3051805e+000
 -7.2961099e-001  2.2853466e+000
 -7.3959508e-001  2.2464690e+000
 -7.4501830e-001  2.2366644e+000
 -7.2861700e-001  2.1592698e+000
 -7.3568199e-001  2.1242686e+000
 -7.2782692e-001  2.1316262e+000
 -7.3518212e-001  2.0931869e+000
 -7.4300455e-001  2.1403795e+000
 -7.4082798e-001  2.1360732e+000
 -7.3707817e-001  2.1023623e+000
 -7.4763379e-001  2.0601720e+000
 -7.4032247e-001  1.9706859e+000
 -7.4184507e-001  2.0027902e+000
 -7.4445448e-001  1.9214089e+000
 -7.2901504e-001  2.0363276e+000
 -7.3935521e-001  2.0371489e+000
 -7.3013168e-001  2.0418139e+000
 -7.4254433e-001  1.9660562e+000
 -7.3112240e-001  1.9269935e+000
 -7.2821215e-001  1.9336507e+000
 -7.4857935e-001  1.9418826e+000
 -7.4422729e-001  1.9845924e+000
 -7.3849510e-001  1.9802124e+000
 -7.4129748e-001  1.9413344e+000
 -7.4924348e-001  2.0166010e+000
 -7.4229564e-001  1.9327099e+000
 -7.4906194e-001  1.9300364e+000
 -7.4792307e-001  1.9929835e+000
 -7.4828180e-001  1.8462053e+000
 -7.3168411e-001  1.8542517e+000
 -7.3737920e-001  1.9929969e+000
 -7.4939490e-001  1.9837199e+000
 -7.4961204e-001  1.9898409e+000
 -7.2922668e-001  1.8802761e+000
 -7.4413318e-001  1.8774637e+000
 -7.3618467e-001  1.8325275e+000
 -7.5133999e-001  1.9665092e+000
 -7.4765186e-001  1.8882032e+000
 -7.4388710e-001  1.9405195e+000
 -7.5081128e-001  1.9855906e+000
 -7.3023537e-001  1.9641783e+000
 -7.2969223e-001  1.9021121e+000
 -7.3927179e-001  1.8948952e+000
 -7.4338076e-001  1.9008350e+000
 -7.2920307e-001  1.8705821e+000
 -7.4964664e-001  1.8258476e+000
 -7.3825556e-001  1.9449118e+000
 -7.3763778e-001  1.9190718e+000
 -7.4366601e-001  1.8901128e+000
 -7.3041320e-001  1.8913590e+000
 -7.3819353e-001  1.8713564e+000
 -7.2883755e-001  1.8760290e+000
 -7.4728434e-001  1.8659309e+000
 -9.6300977e-001  1.8704571e+000
 -9.5901174e-001  1.9739760e+000
 -9.7165130e-001  1.9857125e+000
 -9.5514004e-001  1.9862055e+000
 -9.6617281e-001  2.0475316e+000
 -9.6499453e-001  2.2083203e+000
 -9.6753393e-001  2.2779329e+000
 -9.7454632e-001  2.3406219e+000
 -9.6737629e-001  2.3646742e+000
 -9.5566610e-001  2.5860104e+000
 -9.5526589e-001  2.5877273e+000
 -9.6902733e-001  2.6676580e+000
 -9.7079173e-001  2.6903940e+000
 -9.6587469e-001  2.8716487e+000
 -9.6978326e-001  2.8532735e+000
 -9.7039320e-001  3.0144061e+000
 -9.7212644e-001  2.9166120e+000
 -9.7840692e-001  3.0665779e+000
 -9.6668705e-001  3.0569887e+000
 -9.6813163e-001  3.1079971e+000
 -9.6527721e-001  3.1397145e+000
 -9.7685911e-001  3.1843477e+000
 -9.6953922e-001  3.2713756e+000
 -9.7208782e-001  3.2549570e+000
 -9.5718512e-001  3.2839000e+000
 -9.7498520e-001  3.3393458e+000
 -9.5815441e-001  3.2681602e+000
 -9.6925987e-001  3.3369600e+000
 -9.6582607e-001  3.3855986e+000
 -9.7723833e-001  3.4483394e+000
 -9.5996470e-001  3.4868108e+000
 -9.7223137e-001  3.4223228e+000
 -9.5849370e-001  3.3872967e+000
 -9.7676576e-001  3.3582015e+000
 -9.6722088e-001  3.4448079e+000
 -9.6440542e-001  3.4663076e+000
 -9.6256836e-001  3.4132069e+000
 -9.5832188e-001  3.4370416e+000
 -9.7499755e-001  3.4547095e+000
 -9.5891498e-001  3.4303248e+000
 -9.6381784e-001  3.4724262e+000
 -9.6324824e-001  3.4937248e+000
 -9.7655530e-001  3.5269503e+000
 -9.6564063e-001  3.4855459e+000
 -9.6911164e-001  3.5572836e+000
 -9.6799946e-001  3.4446877e+000
 -9.6269134e-001  3.4779294e+000
 -9.5663012e-001  3.5468540e+000
 -9.7677956e-001  3.5502951e+000
 -9.7241708e-001  3.6053963e+000
 -9.7556808e-001  3.5519305e+000
 -9.5638064e-001  3.4733820e+000
 -9.6558875e-001  3.5832414e+000
 -9.5860567e-001  3.5095724e+000
 -9.6886972e-001  3.5506035e+000
 -9.5695370e-001  3.5250256e+000
 -9.6578292e-001  3.5356201e+000
 -9.7562151e-001  3.5738558e+000
 -9.6086297e-001  3.5336854e+000
 -9.5609417e-001  3.6162391e+000
 -9.6772335e-001  3.5585377e+000
 -9.6911664e-001  3.5758762e+000
 -9.6313580e-001  3.5209679e+000
 -9.6647575e-001  3.4879890e+000
 -9.7095677e-001  3.4979137e+000
 -9.6694026e-001  3.4908172e+000
 -9.7621185e-001  3.5307140e+000
 -9.7099458e-001  3.5644405e+000
 -9.7479545e-001  3.4998739e+000
 -2.8233631e-001  3.5240832e+000
 -2.7871802e-001  3.6145119e+000
 -2.7389991e-001  3.4007187e+000
 -2.8140280e-001  3.2753759e+000
 -2.5980909e-001  3.1876694e+000
 -2.7242906e-001  2.9454276e+000
 -2.7621937e-001  2.9041777e+000
 -2.7525884e-001  2.6393984e+000
 -2.6314123e-001  2.5056071e+000
 -2.7416171e-001  2.3990696e+000
 -2.8037002e-001  2.1770548e+000
 -2.6903891e-001  2.0938425e+000
 -2.7741874e-001  1.9021822e+000
 -2.7414044e-001  1.7084242e+000
 -2.8166237e-001  1.6621296e+000
 -2.7907144e-001  1.4865711e+000
 -2.8190733e-001  1.4647401e+000
 -2.6121715e-001  1.2211323e+000
 -2.6646017e-001  1.1675136e+000
 -2.6672971e-001  1.1195010e+000
 -2.8163450e-001  1.0044574e+000
 -2.6358152e-001  1.0561731e+000
 -2.6367132e-001  1.0001918e+000
 -2.6799973e-001  9.3575357e-001
 -2.8215589e-001  7.5891126e-001
 -2.6189403e-001  7.3240826e-001
 -2.7568067e-001  8.0553823e-001
 -2.7390662e-001  6.8630297e-001
 -2.6335626e-001  7.3520718e-001
 -2.7720647e-001  5.5659053e-001
 -2.7107220e-001  6.3615346e-001
 -2.7954433e-001  5.6941538e-001
 -2.5970040e-001  5.3693561e-001
 -2.6524151e-001  6.0131962e-001
 -2.6362731e-001  5.3594204e-001
 -2.7309589e-001  4.6545730e-001
 -2.7890736e-001  3.9816418e-001
 -2.6892957e-001  4.8715784e-001
 -2.6548072e-001  4.9201869e-001
 -2.8061238e-001  4.7052624e-001
 -2.8239451e-001  3.4774404e-001
 -2.7790785e-001  3.2428156e-001
 -2.7523215e-001  4.8177361e-001
 -2.7697484e-001  4.0865098e-001
 -2.6483144e-001  3.2762471e-001
 -2.6935733e-001  4.1159637e-001
 -2.7666321e-001  4.3698516e-001
 -2.6236433e-001  2.8939704e-001
 -2.6797730e-001  4.1295938e-001
 -2.7646824e-001  3.3519291e-001
 -2.6499878e-001  3.9008528e-001
 -2.7995840e-001  3.1783953e-001
 -2.7877257e-001  4.0260128e-001
 -2.6643724e-001  2.5533297e-001
 -2.7668233e-001  3.5627904e-001
 -2.7236432e-001  3.3451078e-001
 -2.7020585e-001  3.9714705e-001
 -2.6321828e-001  3.5600654e-001
 -2.5996318e-001  2.9601447e-001
 -2.7389629e-001  2.8723519e-001
 -2.7605479e-001  3.4176354e-001
 -2.6834563e-001  2.6305336e-001
 -2.7382781e-001  2.6867057e-001
 -2.7616355e-001  3.4800578e-001
 -2.6128919e-001  2.8310784e-001
 -2.7070598e-001  2.5247017e-001
 -2.7602856e-001  2.8668329e-001
 -2.7376487e-001  2.3291655e-001
 -2.8028485e-001  3.7386399e-001
  7.2137214e-001  3.1238946e-001
  7.1521006e-001  2.7948742e-001
  7.1102279e-001  3.2963638e-001
  7.2309522e-001  1.5644193e-001
  7.1806907e-001  6.5233142e-002
  7.2425372e-001 -7.3334023e-002
  7.0576653e-001 -1.4328822e-001
  7.1060748e-001 -1.5042090e-001
  7.1116431e-001 -2.7527118e-001
  7.2754840e-001 -3.7045123e-001
  7.1011000e-001 -4.7163340e-001
  7.1176859e-001 -5.7366287e-001
  7.0817963e-001 -6.8530987e-001
  7.2037065e-001 -7.7943093e-001
  7.2377128e-001 -8.2441548e-001
  7.1785635e-001 -8.7602218e-001
  7.1886340e-001 -1.0074119e+000
  7.1377312e-001 -9.2191331e-001
  7.2275477e-001 -1.0040982e+000
  7.2013945e-001 -1.0842297e+000
  7.1866989e-001 -1.0622257e+000
  7.1925039e-001 -1.1008440e+000
  7.1865122e-001 -1.1418493e+000
  7.1532499e-001 -1.2317112e+000
  7.1367932e-001 -1.2724115e+000
  7.1924487e-001 -1.3104046e+000
  7.0595358e-001 -1.3873226e+000
  7.1277192e-001 -1.3318169e+000
  7.0878222e-001 -1.3571599e+000
  7.2072845e-001 -1.4737774e+000
  7.2243591e-001 -1.4299593e+000
  7.0577776e-001 -1.4099769e+000
  7.0724863e-001 -1.4368308e+000
  7.1342446e-001 -1.4609333e+000
  7.1334061e-001 -1.5216388e+000
  7.2870024e-001 -1.4451539e+000
  7.1518798e-001 -1.4731398e+000
  7.1899439e-001 -1.4719752e+000
  7.2277440e-001 -1.5699313e+000
  7.1464051e-001 -1.4904370e+000
  7.2763335e-001 -1.4750355e+000
  7.1819289e-001 -1.5708384e+000
  7.0792903e-001 -1.5146582e+000
  7.1316322e-001 -1.4900614e+000
  7.1059277e-001 -1.4802750e+000
  7.1039517e-001 -1.6153010e+000
  7.2722985e-001 -1.5711920e+000
  7.0751922e-001 -1.6161585e+000
  7.1648380e-001 -1.6255742e+000
  7.1753783e-001 -1.6124342e+000
  7.1442275e-001 -1.6246008e+000
  7.0749981e-001 -1.6090267e+000
  7.1106510e-001 -1.5352804e+000
  7.2562970e-001 -1.6028079e+000
  7.1200588e-001 -1.5534663e+000
  7.2378425e-001 -1.6187403e+000
  7.2455649e-001 -1.5229946e+000
  7.1577364e-001 -1.6044432e+000
  7.2842029e-001 -1.6068541e+000
  7.1906151e-001 -1.6162434e+000
  7.2448432e-001 -1.5016718e+000
  7.0816372e-001 -1.6101775e+000
  7.2728622e-001 -1.6072389e+000
  7.1083747e-001 -1.5468341e+000
  7.0822422e-001 -1.6230032e+000
  7.1485562e-001 -1.5534232e+000
  7.0855074e-001 -1.5318262e+000
  7.2701049e-001 -1.5451690e+000
  7.0844660e-001 -1.5646255e+000
 -5.8002343e-002 -1.6412544e+000
 -6.8320268e-002 -1.5951076e+000
 -4.6405350e-002 -1.5293304e+000
 -6.3916297e-002 -1.5024574e+000
 -5.3303459e-002 -1.3590451e+000
 -6.2801969e-002 -1.2562780e+000
 -6.5575879e-002 -1.2101141e+000
 -6.5341424e-002 -1.1298773e+000
 -6.0607049e-002 -1.0462234e+000
 -5.1168711e-002 -9.7780757e-001
 -4.6822483e-002 -9.1413203e-001
 -6.0911974e-002 -7.5269267e-001
 -5.8698748e-002 -7.7596139e-001
 -6.2974522e-002 -6.6463096e-001
 -6.1565062e-002 -6.5234612e-001
 -5.7571227e-002 -4.6830711e-001
 -4.9756778e-002 -4.6095473e-001
 -6.7014634e-002 -3.9564428e-001
 -6.7361440e-002 -3.6938493e-001
 -6.8801812e-002 -3.3198539e-001
 -5.4378115e-002 -3.0404630e-001
 -6.6032870e-002 -3.5746328e-001
 -6.8808262e-002 -2.8637740e-001
 -4.8576461e-002 -2.1463541e-001
 -6.8188480e-002 -1.9626726e-001
 -4.9003689e-002 -1.0167449e-001
 -6.5686286e-002 -8.3310270e-002
 -5.2112270e-002 -9.0170961e-002
 -6.3124301e-002 -5.6451401e-002
 -6.7328345e-002 -9.0895834e-002
 -6.8408901e-002 -2.4164748e-002
 -6.5108912e-002 -8.3087019e-002
 -6.1254002e-002  4.0816494e-003
 -6.4900013e-002  1.2297915e-002
 -5.9821697e-002 -9.1248881e-003
 -6.9152393e-002 -6.6352711e-002
 -6.2981356e-002 -4.0140319e-002
 -5.2217991e-002 -8.7021442e-002
 -6.6547416e-002  1.9455430e-002
 -5.8671093e-002  9.4471503e-003
 -5.6825107e-002  3.0804964e-002
 -6.0610914e-002 -7.5859259e-002
 -6.2781846e-002 -7.9271624e-002
 -5.7460700e-002  8.0373131e-002
 -4.8795094e-002  1.7069321e-002
 -5.5149318e-002 -6.9365108e-002
 -5.0380934e-002  3.4104651e-002
 -6.6301739e-002 -3.3637755e-002
 -4.7906003e-002 -4.1349530e-002
 -4.7745878e-002  2.3467667e-003
 -6.2721963e-002  1.0380692e-001
 -6.7538960e-002  6.4736894e-002
 -4.9932459e-002  2.2324723e-002
 -5.8779201e-002 -3.6798576e-002
 -5.7812033e-002  1.0361255e-001
 -4.6480854e-002 -4.1868341e-002
 -6.6035065e-002 -1.4638426e-002
 -4.8718237e-002  9.9503494e-002
 -6.9337125e-002  2.5777112e-002
 -4.9631008e-002  9.1447159e-003
 -4.8152804e-002 -3.2629445e-002
 -5.8303094e-002 -4.1519716e-002
 -5.3170964e-002 -3.1073112e-002
 -6.5302837e-002  6.6364828e-002
 -4.8700013e-002 -1.5523943e-002
 -5.2080050e-002  3.2265059e-002
 -6.0309563e-002  4.0358256e-002
 -4.7439289e-002  7.4537442e-002
 -4.8603306e-002  1.6357582e-003
  3.1676459e-001  7.3450496e-002
  2.9991379e-001  2.2507192e-002
  3.0294751e-001 -3.7641544e-002
  3.2259955e-001  5.8761408e-003
  3.1352354e-001 -3.5599069e-002
  3.0885379e-001  5.6121510e-002
  3.1717607e-001 -1.0941523e-001
  3.2211793e-001 -1.3397050e-001
  3.1499994e-001  1.0177954e-002
  3.1640831e-001 -3.2083386e-002
  2.9897595e-001 -1.1576488e-001
  3.1393639e-001 -9.2332914e-002
  3.1068668e-001 -8.4245772e-002
  3.1281586e-001 -2.1135204e-001
  3.1899313e-001 -2.0056812e-001
  3.1053003e-001 -2.4092475e-001
  3.1444337e-001 -1.7860884e-001
  3.2138041e-001 -1.9502654e-001
  3.0410258e-001 -3.0522087e-001
  3.0576470e-001 -2.4847660e-001
  3.1506127e-001 -1.6857169e-001
  3.1919437e-001 -2.6640604e-001
  3.1188803e-001 -2.9165304e-001
  3.1322028e-001 -2.8164757e-001
  3.0987059e-001 -2.5412966e-001
  3.0714545e-001 -1.9841715e-001
  3.0166732e-001 -3.1479641e-001
  3.1433131e-001 -2.3909613e-001
  3.2087846e-001 -3.2272550e-001
  3.0017628e-001 -3.3868693e-001
  3.0094128e-001 -2.4380206e-001
  3.0262544e-001 -3.1582499e-001
  3.0001794e-001 -3.3492593e-001
  3.2179811e-001 -2.1599752e-001
  3.1056892e-001 -2.6427646e-001
  3.0114728e-001 -3.1652503e-001
  3.1011097e-001 -2.4430681e-001
  3.2245803e-001 -2.8917930e-001
  3.0550165e-001 -3.0287943e-001
  3.2177050e-001 -2.9827752e-001
  3.1082358e-001 -2.7588299e-001
  3.2100686e-001 -2.7201035e-001
  3.0851455e-001 -2.5210923e-001
  3.1484043e-001 -3.8081622e-001
  3.0895802e-001 -2.6636725e-001
  3.1616465e-001 -3.6858280e-001
  3.0241294e-001 -3.4237584e-001
  3.2059787e-001 -2.6034213e-001
  2.9999195e-001 -3.3025476e-001
  3.1392056e-001 -2.5732421e-001
  3.0399608e-001 -3.7602953e-001
  3.2048342e-001 -3.5250009e-001
  2.9917166e-001 -3.7191398e-001
  3.2109149e-001 -2.9130541e-001
  2.9981351e-001 -3.8149041e-001
  3.0015914e-001 -3.2632141e-001
  3.1532783e-001 -3.8878249e-001
  3.0652684e-001 -2.4853366e-001
  3.1626683e-001 -2.9343472e-001
  3.0836420e-001 -3.6803311e-001
  3.0983387e-001 -2.4935370e-001
  3.0722121e-001 -2.4436364e-001
  3.2062647e-001 -3.8144999e-001
  3.1031657e-001 -3.7758288e-001
  3.0318061e-001 -2.7998369e-001
  3.1024314e-001 -2.5341345e-001
  3.0034190e-001 -3.2362817e-001
  3.1736180e-001 -3.6569956e-001
  3.0482251e-001 -3.9147697e-001
 -9.1100999e-001 -2.6058335e-001
 -8.9630309e-001 -3.2195025e-001
 -9.0400774e-001 -2.1285466e-001
 -9.0299018e-001 -1.6053460e-001
 -9.0383489e-001 -2.6548903e-002
 -9.0537536e-001  1.2859512e-001
 -9.0883328e-001  4.5839204e-001
 -8.9950188e-001  5.4348778e-001
 -9.0170181e-001  8.2420164e-001
 -9.0929929e-001  9.1223996e-001
 -8.9798353e-001  1.1504973e+000
 -8.9804306e-001  1.3111320e+000
 -9.0936219e-001  1.4416138e+000
 -8.9345569e-001  1.5692492e+000
 -8.9654263e-001  1.7214863e+000
 -9.0631900e-001  1.7217605e+000
 -9.1191526e-001  1.8667743e+000
 -9.0643375e-001  2.0186477e+000
 -8.9877376e-001  2.0208145e+000
 -8.9593979e-001  2.1785627e+000
 -9.0708193e-001  2.1781916e+000
 -9.0380588e-001  2.3808329e+000
 -8.9790469e-001  2.3941769e+000
 -9.0454268e-001  2.4813299e+000
 -9.1530072e-001  2.4659620e+000
 -9.0621082e-001  2.5732998e+000
 -9.0452383e-001  2.5109449e+000
 -9.0393378e-001  2.6710582e+000
 -8.9716230e-001  2.5886024e+000
 -8.9487750e-001  2.7750319e+000
 -9.1427789e-001  2.6666761e+000
 -9.0566778e-001  2.7930869e+000
 -9.0074942e-001  2.8423135e+000
 -8.9471500e-001  2.8262665e+000
 -9.1453120e-001  2.8096453e+000
 -8.9772053e-001  2.8953585e+000
 -9.1517357e-001  2.9103222e+000
 -9.0429350e-001  2.8544751e+000
 -8.9241889e-001  2.9336037e+000
 -9.0872323e-001  2.9796550e+000
 -8.9476634e-001  2.8631015e+000
 -9.0034996e-001  2.9226309e+000
 -8.9356153e-001  2.9712508e+000
 -9.0837520e-001  2.9003260e+000
 -9.0186521e-001  2.9537732e+000
 -8.9586323e-001  2.8700217e+000
 -9.0312279e-001  3.0354191e+000
 -9.1347774e-001  2.9421671e+000
 -8.9323854e-001  2.9811088e+000
 -8.9283891e-001  3.0591349e+000
 -8.9755258e-001  3.0034963e+000
 -9.0956792e-001  3.0139565e+000
 -9.0829877e-001  3.0464151e+000
 -8.9964610e-001  3.0714094e+000
 -9.1059845e-001  3.0009350e+000
 -9.0316306e-001  2.9889175e+000
 -8.9971749e-001  2.9467439e+000
 -9.0581331e-001  3.0311016e+000
 -8.9526980e-001  2.9649847e+000
 -9.1111371e-001  3.0138283e+000
 -8.9395413e-001  2.9391246e+000
 -8.9778995e-001  3.0663350e+000
 -8.9490306e-001  3.0477737e+000
 -9.1605392e-001  2.9297019e+000
 -9.0204524e-001  2.9403963e+000
 -8.9898430e-001  3.0028492e+000
 -9.0414368e-001  3.0556479e+000
 -9.0754488e-001  3.0498001e+000
 -8.9335931e-001  2.9716588e+000
 -9.1186006e-001  3.0195504e+000
 -9.1177436e-001  3.0608303e+000
 -8.9968381e-001  2.9430150e+000
 -8.9156462e-001  2.9377134e+000
 -8.9441890e-001  3.0844595e+000
 -8.9715147e-001  3.0706326e+000
 -8.9740544e-001  2.9587578e+000
 -9.1280279e-001  3.0606840e+000
 -8.9828506e-001  3.0056076e+000
 -8.9415237e-001  3.0902669e+000
 -8.9551302e-001  3.0111725e+000
 -9.0760570e-001  3.0447781e+000
 -8.9954897e-001  2.9925024e+000
 -9.1325268e-001  2.9919575e+000
 -9.0656159e-001  3.0713021e+000
 -9.1032363e-001  2.9741195e+000
 -8.9404215e-001  2.9529966e+000
 -9.0452648e-001  3.0277022e+000
 -9.0658052e-001  3.0374213e+000
 -8.9337411e-001  2.9507970e+000
 -9.1323617e-001  2.9414579e+000
 -9.0899199e-001  2.9942530e+000
 -9.0339540e-001  3.0693500e+000
 -8.9985233e-001  2.9944504e+000
 -9.1177470e-001  2.9683474e+000
 -8.9931033e-001  3.0027233e+000
 -9.0009633e-001  3.0513245e+000
 -9.0644849e-001  3.0049387e+000
 -9.1008755e-001  2.9974542e+000
 -9.0008140e-001  3.0769866e+000
 -9.0098568e-001  2.9426510e+000
 -9.0085439e-001  2.9815292e+000
 -9.0135477e-001  3.0107571e+000
 -9.1251420e-001  2.9721507e+000
 -8.9087530e-001  2.9864697e+000
 -9.0266122e-001  3.0666929e+000
 -8.9478832e-001  3.0302834e+000
 -9.0577197e-001  3.0303807e+000
 -9.0128223e-001  3.0757544e+000
 -9.0645017e-001  2.9237804e+000
 -9.0516550e-001  2.9840576e+000
 -8.9196456e-001  2.9216826e+000
 -8.9377466e-001  3.0653363e+000
 -8.9226783e-001  3.0443923e+000
 -9.0912690e-001  3.0360340e+000
 -8.9310587e-001  2.9446366e+000
 -8.9006554e-001  3.0516095e+000
 -9.1181090e-001  3.0241641e+000
 -9.1325864e-001  2.9894288e+000
 -9.0897314e-001  3.0842367e+000
 -9.0262524e-001  3.0058629e+000
 -8.9819203e-001  2.9317383e+000
 -8.9837722e-001  2.9446438e+000
 -8.9822845e-001  3.0051073e+000
 -9.0756006e-001  2.9769443e+000
 -9.0948165e-001  3.0284016e+000
 -8.9827623e-001  2.9453760e+000
 -9.0006594e-001  3.0462507e+000
 -8.9011861e-001  3.0805662e+000
 -8.9997821e-001  2.9317795e+000
 -9.1190350e-001  2.9729993e+000
 -9.0927702e-001  3.0442053e+000
 -9.1061654e-001  2.9729653e+000
 -9.0680827e-001  3.0088820e+000
 -9.0673173e-001  2.9946835e+000
 -8.9461787e-001  2.9298554e+000
 -8.9567013e-001  2.9708181e+000
 -9.0589483e-001  3.0430866e+000
 -8.9893728e-001  2.9755195e+000
  4.4859300e-001  3.0815669e+000
  4.4338695e-001  3.0283112e+000
  4.3568869e-001  2.9667987e+000
  4.3200249e-001  2.8633967e+000
  4.3003498e-001  2.6411250e+000
  4.3833948e-001  2.4951725e+000
  4.3879900e-001  2.2185726e+000
  4.4774571e-001  2.1012504e+000
  4.4025644e-001  1.7661595e+000
  4.4462100e-001  1.6866636e+000
  4.4173911e-001  1.5311683e+000
  4.3332106e-001  1.2446011e+000
  4.4080581e-001  1.1997837e+000
  4.3812538e-001  1.0353485e+000
  4.4331659e-001  8.0144136e-001
  4.3970098e-001  6.6905675e-001
  4.3822746e-001  6.9888328e-001
  4.4364150e-001  4.7529332e-001
  4.4456827e-001  5.0453190e-001
  4.4805223e-001  3.0514642e-001
  4.4458757e-001  2.7090604e-001
  4.3008227e-001  2.1956789e-001
  4.2899792e-001  1.4087506e-001
  4.3869316e-001  8.1027772e-003
  4.4421037e-001 -2.9694963e-003
  4.3161502e-001 -1.4005700e-001
  4.4001489e-001 -1.4326926e-001
  4.5092571e-001 -9.6688611e-002
  4.3172997e-001 -1.1848333e-001
  4.3278691e-001 -2.9853406e-001
  4.4950264e-001 -2.6350808e-001
  4.3175122e-001 -2.2672042e-001
  4.3314340e-001 -2.7005930e-001
  4.3909903e-001 -2.7562900e-001
  4.3020925e-001 -3.6152325e-001
  4.3207597e-001 -3.7921227e-001
  4.5163367e-001 -4.0408403e-001
  4.3460356e-001 -4.1785527e-001
  4.4418414e-001 -4.9016152e-001
  4.4791280e-001 -4.5780421e-001
  4.4857270e-001 -4.6714845e-001
  4.5202171e-001 -4.6257220e-001
  4.5077669e-001 -4.5618157e-001
  4.3978337e-001 -5.4140402e-001
  4.4843870e-001 -5.3205601e-001
  4.5067136e-001 -4.5626461e-001
  4.3173784e-001 -4.4150654e-001
  4.4278194e-001 -4.9209876e-001
  4.3233534e-001 -5.8674587e-001
  4.4311569e-001 -4.6942462e-001
  4.5014663e-001 -6.0892022e-001
  4.4969675e-001 -5.6407021e-001
  4.3091179e-001 -5.5811453e-001
  4.4381467e-001 -5.1254985e-001
  4.3901191e-001 -5.9355784e-001
  4.4383548e-001 -6.2438317e-001
  4.3436834e-001 -5.5046355e-001
  4.4965603e-001 -6.1711234e-001
  4.3720300e-001 -5.0025564e-001
  4.4916718e-001 -5.9382103e-001
  4.4259116e-001 -4.7574647e-001
  4.4473148e-001 -6.3621129e-001
  4.3592126e-001 -5.2897248e-001
  4.4654827e-001 -5.5449210e-001
  4.4195350e-001 -5.9244109e-001
  4.2974761e-001 -6.3747877e-001
  4.4274619e-001 -5.2575537e-001
  4.3955362e-001 -5.2721253e-001
  4.2891741e-001 -5.9367894e-001
 -3.7502047e-001 -5.6166978e-001
 -3.5945390e-001 -5.6070910e-001
 -3.7193861e-001 -5.9001037e-001
 -3.6712723e-001 -5.4645271e-001
 -3.7115792e-001 -3.7378061e-001
 -3.5690477e-001 -4.1333400e-001
 -3.6441299e-001 -3.0458491e-001
 -3.7007109e-001 -3.0937650e-001
 -3.5815432e-001 -3.1048078e-001
 -3.5795648e-001 -2.2491199e-001
 -3.7012422e-001 -3.9363678e-002
 -3.5501066e-001 -9.0675563e-002
 -3.6810717e-001 -5.1137000e-002
 -3.7283331e-001 -5.5008910e-002
 -3.7594939e-001 -8.9165378e-003
 -3.5805457e-001  9.8787091e-002
 -3.5760126e-001  1.9643896e-001
 -3.7438964e-001  1.1710028e-001
 -3.6270943e-001  2.6037079e-001
 -3.6732706e-001  2.2567384e-001
 -3.6041330e-001  2.4100544e-001
 -3.6379138e-001  2.7573797e-001
 -3.5450068e-001  3.2543411e-001
 -3.6296627e-001  2.4995072e-001
 -3.5262641e-001  2.3010094e-001
 -3.6677536e-001  3.8035645e-001
 -3.6613944e-001  2.7020774e-001
 -3.6600964e-001  3.8720695e-001
 -3.5999195e-001  3.4765607e-001
 -3.6303973e-001  3.4687506e-001
 -3.5269597e-001  3.8921799e-001
 -3.6553979e-001  4.1925726e-001
 -3.5572185e-001  4.4808165e-001
 -3.6389377e-001  3.9309675e-001
 -3.6414830e-001  4.2730425e-001
 -3.6707878e-001  4.9832378e-001
 -3.6052567e-001  4.5262243e-001
 -3.5388170e-001  4.4126501e-001
 -3.6196728e-001  4.5417963e-001
 -3.7368712e-001  3.9357188e-001
 -3.7438769e-001  4.2866572e-001
 -3.6237209e-001  3.8781007e-001
 -3.5736392e-001  4.2451716e-001
 -3.6933645e-001  5.2251529e-001
 -3.6416752e-001  4.3415994e-001
 -3.6492193e-001  3.9690503e-001
 -3.7566060e-001  4.3740619e-001
 -3.6920491e-001  4.9417316e-001
 -3.5818271e-001  5.3234913e-001
 -3.5767628e-001  3.9895614e-001
 -3.5288287e-001  3.9564027e-001
 -3.6831613e-001  5.4086166e-001
 -3.7305872e-001  4.5360637e-001
 -3.7050879e-001  4.5021445e-001
 -3.7233167e-001  5.1405910e-001
 -3.6246845e-001  4.9120089e-001
 -3.5315360e-001  4.3829519e-001
 -3.7159248e-001  4.9793556e-001
 -3.6109478e-001  4.1677680e-001
 -3.7490553e-001  3.9224086e-001
 -3.6431214e-001  5.4776701e-001
 -3.7233794e-001  4.9883023e-001
 -3.6935499e-001  4.4269935e-001
 -3.7258214e-001  5.4777066e-001
 -3.7479951e-001  5.1859625e-001
 -3.5444960e-001  5.5224975e-001
 -3.5904218e-001  4.6514650e-001
 -3.7175916e-001  4.5174990e-001
 -3.6492126e-001  5.4739814e-001
 -4.0512077e-001  5.5719113e-001
 -4.1131806e-001  4.2706969e-001
 -3.9970482e-001  4.3971616e-001
 -4.1060707e-001  5.5830298e-001
 -3.9123711e-001  4.2405193e-001
 -4.0843509e-001  4.3817987e-001
 -4.0656359e-001  5.3485463e-001
 -3.9965186e-001  5.8089002e-001
 -4.0671957e-001  5.5420374e-001
 -4.0301849e-001  5.4863677e-001
 -3.9810734e-001  4.5316865e-001
 -3.9545949e-001  5.6333312e-001
 -3.9437015e-001  4.7037490e-001
 -4.0480570e-001  5.0130322e-001
 -4.1011523e-001  4.9056543e-001
 -4.0416229e-001  5.0974459e-001
 -4.0284680e-001  4.6336075e-001
 -4.0327120e-001  4.5941048e-001
 -3.9578852e-001  5.4179301e-001
 -4.0822537e-001  5.0158480e-001
 -4.1132999e-001  5.5777984e-001
 -4.1190057e-001  4.6458253e-001
 -3.9015440e-001  5.7678985e-001
 -4.0578742e-001  5.7583108e-001
 -4.0938329e-001  5.6668964e-001
 -3.9179821e-001  4.9040454e-001
 -3.9886659e-001  5.2972408e-001
 -4.0711708e-001  4.7688190e-001
 -3.9189014e-001  4.8365048e-001
 -4.1286466e-001  6.3449742e-001
 -4.0377551e-001  5.7530564e-001
 -4.0234603e-001  6.1864209e-001
 -3.9875197e-001  4.9211715e-001
 -4.0033179e-001  5.0615023e-001
 -3.9121795e-001  5.1407072e-001
 -4.1094982e-001  5.2698737e-001
 -3.9417984e-001  4.9780644e-001
 -4.0669220e-001  5.3214981e-001
 -4.1078849e-001  5.4018802e-001
 -4.0312954e-001  5.7818711e-001
 -3.9954233e-001  5.0542260e-001
 -4.0711821e-001  6.2566429e-001
 -4.1248456e-001  5.2621481e-001
 -4.0921685e-001  6.4429075e-001
 -4.0179793e-001  5.7203431e-001
 -3.9725340e-001  5.6654991e-001
 -4.0178729e-001  6.3720646e-001
 -3.9515935e-001  6.2037878e-001
 -3.9487078e-001  4.8505430e-001
 -4.1195952e-001  5.6015146e-001
 -4.0641880e-001  5.8395843e-001
 -4.0500131e-001  5.4559008e-001
 -3.9181262e-001  6.0476693e-001
 -3.9621878e-001  6.0037808e-001
 -4.0532915e-001  5.4609792e-001
 -3.9961914e-001  5.1123121e-001
 -3.9272271e-001  4.9730156e-001
 -3.8948492e-001  5.8359014e-001
 -4.0431604e-001  5.1504339e-001
 -4.0069972e-001  6.0579207e-001
 -4.1059455e-001  4.9032367e-001
 -4.0258221e-001  6.3789825e-001
 -4.1200141e-001  5.7362256e-001
 -3.9741187e-001  5.1738211e-001
 -4.0599024e-001  4.9710612e-001
 -3.9597988e-001  6.3081192e-001
 -4.0645062e-001  6.4190494e-001
 -4.0027684e-001  5.1504797e-001
 -4.1118875e-001  5.3107978e-001
  2.7673667e-001  4.8951132e-001
  2.8803886e-001  4.8026763e-001
  2.9223002e-001  5.7838022e-001
  2.9119211e-001  5.8990715e-001
  2.9265032e-001  5.0720600e-001
  2.8252809e-001  5.0485942e-001
  2.8996973e-001  3.9175795e-001
  2.8809649e-001  2.7507048e-001
  2.9476589e-001  3.7048717e-001
  2.8373590e-001  2.6775656e-001
  2.7833001e-001  1.2198855e-001
  2.7770096e-001  2.2944523e-001
  2.8973097e-001  1.0978187e-001
  2.9329827e-001  1.0316828e-001
  2.9313815e-001 -3.5943103e-003
  2.8477966e-001 -3.3071007e-002
  2.8698752e-001 -8.7236038e-002
  2.7436544e-001 -3.2234663e-003
  2.7711149e-001 -1.4259220e-002
  2.8137817e-001 -7.8506670e-002
  2.8869165e-001 -4.6411883e-002
  2.9132117e-001 -1.8182337e-001
  2.8092243e-001 -1.5734842e-001
  2.8447466e-001 -1.5671746e-001
  2.8266058e-001 -1.6036223e-001
  2.8573812e-001 -9.5514709e-002
  2.7610971e-001 -2.4252751e-001
  2.8219438e-001 -1.8951119e-001
  2.7675576e-001 -1.2801323e-001
  2.8001515e-001 -2.5281295e-001
  2.8881840e-001 -2.7045360e-001
  2.9594327e-001 -2.4538487e-001
  2.9284960e-001 -2.4295051e-001
  2.8777512e-001 -1.8029702e-001
  2.8437902e-001 -2.1099428e-001
  2.9376493e-001 -2.3088618e-001
  2.8110856e-001 -2.3756462e-001
  2.7892359e-001 -3.0237524e-001
  2.8435207e-001 -2.6407555e-001
  2.7575058e-001 -2.8926633e-001
  2.7860649e-001 -1.9223301e-001
  2.7924583e-001 -2.6080644e-001
  2.8097724e-001 -3.2966765e-001
  2.9462621e-001 -2.7703544e-001
  2.9315963e-001 -1.9255581e-001
  2.8714548e-001 -2.3261670e-001
  2.7832506e-001 -2.9570754e-001
  2.7468151e-001 -2.5752971e-001
  2.8614950e-001 -2.1273871e-001
  2.9644474e-001 -1.9524470e-001
  2.9012003e-001 -2.4205992e-001
  2.8925926e-001 -2.2513735e-001
  2.8671215e-001 -2.6077461e-001
  2.7600887e-001 -3.3187745e-001
  2.7836406e-001 -3.1527760e-001
  2.9211864e-001 -2.8536628e-001
  2.8725052e-001 -2.9313029e-001
  2.9525190e-001 -2.2539152e-001
  2.9088513e-001 -2.8101656e-001
  2.9658915e-001 -3.4492059e-001
  2.8846777e-001 -2.0718220e-001
  2.8061677e-001 -2.8896533e-001
  2.9031291e-001 -2.3044042e-001
  2.8205287e-001 -2.2690393e-001
  2.9746855e-001 -3.4857751e-001
  2.7788418e-001 -3.6815760e-001
  2.9106342e-001 -2.9734468e-001
  2.8736366e-001 -2.9328788e-001
  2.9518022e-001 -3.0572564e-001
 -9.2045091e-001 -3.0439629e-001
 -9.3372484e-001 -3.6515609e-001
 -9.1652400e-001 -1.5646677e-001
 -9.1646961e-001 -1.0319690e-001
 -9.2552517e-001  3.4761215e-002
 -9.3310143e-001  2.1035486e-001
 -9.2117188e-001  5.3732240e-001
 -9.3033452e-001  6.5479364e-001
 -9.3432020e-001  8.0054468e-001
 -9.1609630e-001  9.8943559e-001
 -9.3493747e-001  1.1204691e+000
 -9.2039290e-001  1.4079604e+000
 -9.1524327e-001  1.4591715e+000
 -9.2650630e-001  1.5946114e+000
 -9.2340981e-001  1.8691984e+000
 -9.2006449e-001  1.8601574e+000
 -9.1968072e-001  1.9460844e+000
 -9.2514654e-001  2.2138560e+000
 -9.1528761e-001  2.2802074e+000
 -9.3128334e-001  2.3539917e+000
 -9.1590902e-001  2.3972511e+000
 -9.3273952e-001  2.5417671e+000
 -9.3464764e-001  2.4946852e+000
 -9.3351207e-001  2.6277280e+000
 -9.3088194e-001  2.6920272e+000
 -9.2299783e-001  2.7378400e+000
 -9.2393670e-001  2.8155452e+000
 -9.2934038e-001  2.8116388e+000
 -9.3738666e-001  2.7916789e+000
 -9.3432052e-001  2.8351251e+000
 -9.2858511e-001  2.8597099e+000
 -9.3710647e-001  2.9252069e+000
 -9.1801795e-001  3.0145611e+000
 -9.2250906e-001  2.9142260e+000
 -9.1818606e-001  2.9168010e+000
 -9.2699358e-001  3.0429492e+000
 -9.2454723e-001  3.0716528e+000
 -9.2049062e-001  3.0995840e+000
 -9.1549232e-001  3.1007234e+000
 -9.2760033e-001  3.0009966e+000
 -9.3723087e-001  2.9996223e+000
 -9.3114940e-001  3.1299691e+000
 -9.1953417e-001  3.1390022e+000
 -9.1739641e-001  3.0681782e+000
 -9.2595175e-001  3.1112819e+000
 -9.1576311e-001  3.0985073e+000
 -9.1467498e-001  3.1261690e+000
 -9.3079305e-001  3.0598470e+000
 -9.3724178e-001  3.1924326e+000
 -9.3248468e-001  3.1995247e+000
 -9.3192535e-001  3.0894813e+000
 -9.1899690e-001  3.2023961e+000
 -9.3146489e-001  3.0953016e+000
 -9.3491784e-001  3.0836898e+000
 -9.1758305e-001  3.1906401e+000
 -9.3732313e-001  3.2525866e+000
 -9.2941261e-001  3.1458986e+000
 -9.1414293e-001  3.1786998e+000
 -9.3661801e-001  3.1137942e+000
 -9.3593956e-001  3.2593812e+000
 -9.3049926e-001  3.1605189e+000
 -9.1911038e-001  3.1450032e+000
 -9.2661789e-001  3.1033877e+000
 -9.3444965e-001  3.1331220e+000
 -9.3726453e-001  3.1969469e+000
 -9.3288129e-001  3.1208684e+000
 -9.3530449e-001  3.1449018e+000
 -9.2374743e-001  3.1542275e+000
 -9.3003335e-001  3.1862531e+000
 -5.1659005e-001  3.1303370e+000
 -5.2110951e-001  3.1438438e+000
 -5.0436665e-001  3.0984984e+000
 -5.1940656e-001  3.0666886e+000
 -5.1388074e-001  3.0044688e+000
 -5.1080561e-001  2.7881794e+000
 -5.0977164e-001  2.7522912e+000
 -5.0881377e-001  2.6190368e+000
 -5.1142366e-001  2.4495431e+000
 -5.1024633e-001  2.3076782e+000
 -5.1567367e-001  2.2905650e+000
 -5.1491034e-001  2.0250312e+000
 -5.0805839e-001  1.9587204e+000
 -5.1245482e-001  1.9645093e+000
 -5.1955690e-001  1.8271346e+000
 -5.1621133e-001  1.7807236e+000
 -5.2165917e-001  1.5794927e+000
 -5.0360114e-001  1.6660195e+000
 -5.1222000e-001  1.5015113e+000
 -5.0190723e-001  1.4379675e+000
 -5.1052659e-001  1.3855036e+000
 -5.2198690e-001  1.4216650e+000
 -5.1413340e-001  1.2854684e+000
 -5.1424158e-001  1.2811989e+000
 -5.1831750e-001  1.2956928e+000
 -5.2147149e-001  1.2918960e+000
 -5.2002615e-001  1.1471666e+000
 -5.0279024e-001  1.1117595e+000
 -5.2348232e-001  1.1662934e+000
 -5.1815408e-001  1.1310925e+000
 -5.1727808e-001  1.0416067e+000
 -5.1844962e-001  1.0967483e+000
 -5.1017103e-001  1.0792144e+000
 -5.2194042e-001  9.9424511e-001
 -5.1322956e-001  1.0360050e+000
 -5.1821286e-001  9.9879764e-001
 -5.1881350e-001  9.6198347e-001
 -5.2063263e-001  9.3427239e-001
 -5.2480429e-001  9.8494299e-001
 -5.1569044e-001  1.0500070e+000
 -5.2062420e-001  1.0448531e+000
 -5.2242382e-001  9.1971720e-001
 -5.1236967e-001  9.7518122e-001
 -5.1799260e-001  9.5470998e-001
 -5.2336293e-001  9.7492688e-001
 -5.1762810e-001  9.1339714e-001
 -5.0432991e-001  9.4049857e-001
 -5.1777830e-001  9.1887897e-001
 -5.2135623e-001  9.4049243e-001
 -5.1095549e-001  8.3422352e-001
 -5.1141637e-001  8.6575407e-001
 -5.1866443e-001  9.2760288e-001
 -5.0681880e-001  9.3530982e-001
 -5.1553043e-001  8.6490775e-001
 -5.1676273e-001  9.4771245e-001
 -5.1441269e-001  8.3046908e-001
 -5.0829086e-001  9.3519281e-001
 -5.2029762e-001  8.3881854e-001
 -5.1551406e-001  9.3982578e-001
 -5.0804000e-001  9.2998155e-001
 -5.2156466e-001  8.2968521e-001
 -5.1490865e-001  9.5737201e-001
 -5.2323315e-001  8.3658852e-001
 -5.1865136e-001  9.4516496e-001
 -5.0400639e-001  9.3088002e-001
 -5.1273641e-001  8.6009391e-001
 -5.1934349e-001  9.0493618e-001
 -5.2217468e-001  9.0641098e-001
 -5.0135795e-001  9.4174880e-001
 -8.7725460e-001  8.2520044e-001
 -8.7436123e-001  9.1810687e-001
 -8.8649333e-001  9.0058336e-001
 -8.7675398e-001  9.2412618e-001
 -8.8952638e-001  1.1323015e+000
 -8.7601100e-001  1.1937377e+000
 -8.8571158e-001  1.3625066e+000
 -8.9547473e-001  1.4998716e+000
 -8.9552416e-001  1.5081452e+000
 -8.7610383e-001  1.6002728e+000
 -8.9635967e-001  1.6660812e+000
 -8.8294895e-001  1.8499243e+000
 -8.9478435e-001  1.9827471e+000
 -8.8245924e-001  1.9569426e+000
 -8.9526983e-001  2.1147007e+000
 -8.7975020e-001  2.1063320e+000
 -8.8366961e-001  2.1961321e+000
 -8.7781477e-001  2.3037557e+000
 -8.7847944e-001  2.2979577e+000
 -8.9617022e-001  2.3671126e+000
 -8.8661999e-001  2.4332871e+000
 -8.8469543e-001  2.5251825e+000
 -8.8047789e-001  2.4169955e+000
 -8.9547574e-001  2.5264479e+000
 -8.8191332e-001  2.5743790e+000
 -8.9551203e-001  2.6404120e+000
 -8.8971594e-001  2.6950546e+000
 -8.9661644e-001  2.6274782e+000
 -8.8847661e-001  2.7038730e+000
 -8.7930776e-001  2.7548972e+000
 -8.8095830e-001  2.7523349e+000
 -8.8568090e-001  2.6935267e+000
 -8.8496566e-001  2.6763359e+000
 -8.7965737e-001  2.6899622e+000
 -8.7689901e-001  2.7053800e+000
 -8.8135014e-001  2.7387856e+000
 -8.7367288e-001  2.7272649e+000
 -8.9398838e-001  2.8619546e+000
 -8.7885021e-001  2.8444475e+000
 -8.7581746e-001  2.7524573e+000
 -8.8015875e-001  2.8730388e+000
 -8.7567751e-001  2.8728424e+000
 -8.7997827e-001  2.8030930e+000
 -8.7500207e-001  2.8824586e+000
 -8.9710130e-001  2.7756686e+000
 -8.8584021e-001  2.9005525e+000
 -8.7752859e-001  2.8149098e+000
 -8.9634453e-001  2.8769991e+000
 -8.8884840e-001  2.8004443e+000
 -8.8841325e-001  2.7774725e+000
 -8.7997424e-001  2.8598594e+000
 -8.9718095e-001  2.8072061e+000
 -8.7877686e-001  2.8699321e+000
 -8.8348627e-001  2.8428057e+000
 -8.8512708e-001  2.8055461e+000
 -8.8607519e-001  2.9198738e+000
 -8.8451857e-001  2.8064839e+000
 -8.9449928e-001  2.8372087e+000
 -8.7772386e-001  2.8007712e+000
 -8.9566437e-001  2.9210528e+000
 -8.8869699e-001  2.8903157e+000
 -8.9543022e-001  2.7992100e+000
 -8.7887049e-001  2.9320602e+000
 -8.7328965e-001  2.8836627e+000
 -8.9434269e-001  2.8123645e+000
 -8.8477156e-001  2.8836084e+000
 -8.7397836e-001  2.8842145e+000
 -8.8343252e-001  2.8139438e+000
 -8.8739534e-001  2.9525974e+000
  8.7005072e-001  2.8901325e+000
  8.8662425e-001  2.9241265e+000
  8.7531359e-001  2.6675707e+000
  8.7496148e-001  2.5310364e+000
  8.8045431e-001  2.3573131e+000
  8.8282773e-001  2.0288728e+000
  8.7160441e-001  1.6407215e+000
  8.7103446e-001  1.4230373e+000
  8.8418627e-001  1.0625554e+000
  8.7083523e-001  8.7365715e-001
  8.8244409e-001  4.8687807e-001
  8.8880827e-001  3.0902369e-001
  8.8426765e-001  3.3593570e-003
  8.6584421e-001 -2.4949413e-001
  8.7453231e-001 -4.4903198e-001
  8.7686052e-001 -5.5173035e-001
  8.8406735e-001 -7.1286114e-001
  8.8675979e-001 -9.0628600e-001
  8.7475594e-001 -1.1307033e+000
  8.7792652e-001 -1.1228982e+000
  8.7889383e-001 -1.3491341e+000
  8.7150997e-001 -1.3816695e+000
  8.8597179e-001 -1.5188409e+000
  8.7242611e-001 -1.6882752e+000
  8.8510445e-001 -1.7992122e+000
  8.8236827e-001 -1.7892200e+000
  8.8361102e-001 -1.9331030e+000
  8.6743918e-001 -1.9514238e+000
  8.6878218e-001 -1.9140988e+000
  8.6701495e-001 -2.0929053e+000
  8.6612747e-001 -2.1525205e+000
  8.7048842e-001 -2.1376088e+000
  8.7574633e-001 -2.1123720e+000
  8.8028278e-001 -2.2923641e+000
  8.6991567e-001 -2.2462761e+000
  8.8778319e-001 -2.3545216e+000
  8.6699387e-001 -2.3859991e+000
  8.8651359e-001 -2.3668634e+000
  8.6675016e-001 -2.4165265e+000
  8.7032159e-001 -2.4260794e+000
  8.7830947e-001 -2.4533398e+000
  8.7431538e-001 -2.3524467e+000
  8.8195598e-001 -2.3506073e+000
  8.7747894e-001 -2.5247885e+000
  8.8689164e-001 -2.4086583e+000
  8.7433281e-001 -2.4129270e+000
  8.7937493e-001 -2.4872508e+000
  8.7402334e-001 -2.4411925e+000
  8.6687335e-001 -2.4309170e+000
  8.7835270e-001 -2.5530249e+000
  8.6988839e-001 -2.4770458e+000
  8.7764802e-001 -2.4441838e+000
  8.7348385e-001 -2.5571027e+000
  8.7757492e-001 -2.5863679e+000
  8.7866845e-001 -2.5957221e+000
  8.7395578e-001 -2.5640015e+000
  8.8850040e-001 -2.5035798e+000
  8.6858526e-001 -2.4833717e+000
  8.8448651e-001 -2.6327912e+000
  8.7158093e-001 -2.5009846e+000
  8.8313677e-001 -2.5485129e+000
  8.7656055e-001 -2.5674008e+000
  8.6606247e-001 -2.5350533e+000
  8.6914083e-001 -2.6257500e+000
  8.6596604e-001 -2.6102865e+000
  8.8211415e-001 -2.5537820e+000
  8.6776117e-001 -2.5637748e+000
  8.6885095e-001 -2.5939936e+000
  8.7042073e-001 -2.5700219e+000
  8.7852617e-001 -2.5701835e+000
  8.8417381e-001 -2.6564574e+000
  8.9527611e-001 -2.5242158e+000
  8.9502313e-001 -2.6275922e+000
  8.9243411e-001 -2.6238277e+000
  8.8284303e-001 -2.5176206e+000
  8.9060745e-001 -2.6048531e+000
  8.9215625e-001 -2.5949038e+000
  8.9546981e-001 -2.5826853e+000
  8.9299941e-001 -2.6293665e+000
  8.9525556e-001 -2.6045973e+000
  8.7715823e-001 -2.6393218e+000
  8.8190193e-001 -2.6874144e+000
  8.9226996e-001 -2.6183650e+000
  8.7486309e-001 -2.7047285e+000
  8.7634529e-001 -2.6003290e+000
  8.7887322e-001 -2.6335993e+000
  8.8830909e-001 -2.6592463e+000
  8.8319565e-001 -2.7098119e+000
  8.8985740e-001 -2.6350677e+000
  8.7524714e-001 -2.6617232e+000
  8.8697188e-001 -2.5961541e+000
  8.9310571e-001 -2.6125097e+000
  8.9811915e-001 -2.6628944e+000
  8.8529413e-001 -2.6512810e+000
  8.7437407e-001 -2.6766416e+000
  8.9325658e-001 -2.6901457e+000
  8.8183814e-001 -2.5691897e+000
  8.7977637e-001 -2.6954366e+000
  8.9819200e-001 -2.5731113e+000
  8.7595411e-001 -2.6423146e+000
  8.7513930e-001 -2.6243935e+000
  8.7442403e-001 -2.6737696e+000
  8.8040477e-001 -2.6895848e+000
  8.8950763e-001 -2.6922225e+000
  8.7990020e-001 -2.6638745e+000
  8.8043731e-001 -2.6674234e+000
  8.9452174e-001 -2.6391346e+000
  8.9568524e-001 -2.6173617e+000
  8.9400745e-001 -2.7167521e+000
  8.9648856e-001 -2.5766407e+000
  8.7823131e-001 -2.7352515e+000
  8.9070137e-001 -2.5903774e+000
  8.8753158e-001 -2.7113125e+000
  8.8968835e-001 -2.6043987e+000
  8.9362948e-001 -2.6381663e+000
  8.8891426e-001 -2.6957883e+000
  8.7802344e-001 -2.6902340e+000
  8.9289160e-001 -2.6505132e+000
  8.9547028e-001 -2.5922692e+000
  8.7581741e-001 -2.6905965e+000
  8.7773601e-001 -2.6598001e+000
  8.8631966e-001 -2.5779447e+000
  8.8095032e-001 -2.6146338e+000
  8.8529381e-001 -2.7097359e+000
  8.8237047e-001 -2.5748565e+000
  8.9468288e-001 -2.6409402e+000
  5.2390786e-001 -2.7086326e+000
