 -4.7648797e-001  6.7295266e-001
 -2.6504226e-001  2.5708538e-001
 -6.6120222e-001  1.5756186e+000
  4.6583050e-001 -5.4875946e-001
 -3.7024094e-001  5.8165933e-001
  3.1283954e-001 -3.2473015e-001
  3.2560279e-001 -4.2585573e-001
  5.1804245e-002 -1.1277462e-002
  1.4150120e-001 -1.0130119e-001
  5.5086011e-001 -9.3063680e-001
  8.7498792e-001 -2.6817075e+000
  9.2627476e-001 -2.9706093e+000
 -9.7232411e-001  3.4930519e+000
 -9.2543044e-001  3.3259744e+000
  9.0920789e-001 -2.7743143e+000
 -2.5306014e-001  4.1461448e-001
  1.6850217e-001 -1.3980684e-001
  1.5186106e-001 -2.0392100e-001
 -1.7506052e-001  8.4278722e-002
  5.9622270e-002 -1.1006917e-001
 -2.5866758e-001  2.4138284e-001
  6.7808167e-001 -1.2307740e+000
  1.5598749e-001 -2.4688554e-001
 -7.6186759e-001  2.1335737e+000
  4.3599039e-001 -6.3579908e-001
 -8.2499456e-001  2.5665103e+000
 -4.6427184e-001  7.2121929e-001
 -8.0036075e-001  2.4247955e+000
 -2.0533696e-001  7.6301728e-002
  3.0079358e-001 -2.7637999e-001
  8.8732608e-001 -2.8143900e+000
 -5.0036500e-001  7.7458024e-001
 -3.7910711e-001  5.0657717e-001
  2.2609669e-001 -3.1668464e-001
  4.0436863e-001 -4.5871769e-001
 -4.2471708e-001  6.2321133e-001
 -6.2581469e-001  1.4091431e+000
  5.6995294e-002 -1.6247609e-001
 -4.4314919e-001  6.2092489e-001
 -1.0228932e-001 -2.1754278e-002
 -9.2122994e-001  3.1578285e+000
  8.7521371e-001 -2.5845822e+000
 -7.6382424e-001  2.1480207e+000
  4.7984701e-002 -2.9598523e-002
  5.6530039e-001 -8.3122842e-001
 -3.4893198e-001  5.2761218e-001
  2.3774666e-001 -3.7210686e-001
 -8.4888111e-001  2.4759799e+000
 -9.2174022e-001  3.0985840e+000
 -8.5112762e-001  2.6331090e+000
  7.0096241e-001 -1.6206344e+000
  6.2018952e-001 -1.1035035e+000
 -3.6452804e-001  5.3028365e-001
  4.4553964e-001 -6.3052845e-001
  6.9640055e-001 -1.5516787e+000
 -8.7675468e-001  2.9333789e+000
  3.2688580e-001 -3.9011977e-001
  6.4588911e-001 -1.1884795e+000
 -7.9128293e-001  2.1540315e+000
 -8.1254072e-001  2.4488499e+000
  1.9514630e-001 -3.0732881e-001
  2.8872539e-001 -3.4289913e-001
 -8.5785233e-001  2.6680497e+000
  9.1342396e-001 -2.9903309e+000
 -7.7313837e-001  2.2450660e+000
 -9.9138028e-001  3.7495442e+000
  2.6155335e-001 -1.0389339e-001
  7.0376902e-001 -1.4696582e+000
 -1.0773632e-001  8.4533532e-002
  7.4837841e-001 -1.8292823e+000
  6.3837122e-001 -1.3152697e+000
 -6.4519668e-001  1.4342644e+000
 -7.7231049e-001  1.9820079e+000
 -9.3192890e-002  5.1425296e-002
  8.6522698e-001 -2.4568751e+000
  2.9720316e-001 -2.4002165e-001
 -9.3914718e-001  3.2952766e+000
  9.8942881e-001 -3.6109577e+000
  1.4300505e-001 -2.6192068e-001
  6.3058122e-001 -1.1735491e+000
 -3.6837027e-001  5.0531153e-001
 -7.7462916e-001  2.2040993e+000
 -8.8277366e-001  2.8896162e+000
  7.5778026e-001 -1.8006301e+000
 -8.4692319e-001  2.6019710e+000
  1.0118199e-002 -2.3293243e-002
 -6.5789053e-001  1.3924883e+000
 -8.1799625e-001  2.4920154e+000
 -8.3461188e-001  2.4925000e+000
 -4.9103382e-001  8.5690805e-001
  1.8193800e-001 -1.3096416e-001
 -4.4328699e-001  5.5464638e-001
 -5.3368873e-001  8.7208168e-001
 -5.8852433e-001  1.1048243e+000
 -3.6636171e-001  3.4059527e-001
  8.8168495e-001 -2.5530592e+000
 -2.6562979e-001  3.8852495e-001
 -9.2763866e-001  3.3678094e+000
 -4.1502390e-001  4.6871670e-001
  6.9894929e-001 -1.4258258e+000
 -5.3002078e-002 -7.0854720e-002
  2.5446980e-002 -8.0260500e-002
 -5.7134493e-001  1.0636787e+000
  8.4747713e-001 -2.5255260e+000
 -6.6897544e-001  1.5575566e+000
 -4.2780987e-001  6.3005300e-001
 -9.9198109e-001  3.7347514e+000
 -1.2750919e-001 -4.0177094e-002
 -2.3104223e-001  3.0355732e-001
  9.8407687e-001 -3.5366949e+000
 -4.7411712e-001  9.1352176e-001
 -5.8887063e-001  1.2622973e+000
 -8.1045733e-001  2.3156630e+000
 -7.2211714e-001  1.8203784e+000
  8.5891570e-001 -2.3044217e+000
  6.1876159e-001 -9.9237122e-001
  7.4181440e-001 -1.7011842e+000
  7.2395288e-001 -1.4834961e+000
 -5.5137827e-001  1.0997229e+000
  3.7475395e-001 -2.8121360e-001
 -4.0038347e-001  5.3506343e-001
  5.3809711e-001 -9.4357731e-001
  6.5905727e-001 -1.1780716e+000
  5.8524642e-001 -8.5191597e-001
  2.2049265e-001 -9.0873606e-002
 -7.1325299e-001  1.6038852e+000
  8.4309841e-001 -2.4383228e+000
 -1.5371293e-001  2.5151381e-001
 -7.4270496e-001  1.8573075e+000
 -8.5322713e-001  2.7582726e+000
  1.3998497e-001 -2.3827556e-001
 -7.2384770e-001  1.9519708e+000
 -7.5862173e-001  1.9216142e+000
 -2.3985111e-001  1.1336189e-001
  9.9046427e-001 -3.5188211e+000
 -2.9837973e-001  4.7970961e-001
  8.1505403e-001 -2.0485172e+000
 -6.0828516e-002  1.8858692e-001
 -4.7125157e-001  7.2224294e-001
 -4.9141977e-001  8.3214778e-001
 -6.8081610e-001  1.6302210e+000
  1.2011082e-001 -2.1158823e-001
 -6.1242090e-001  1.3752736e+000
 -8.0306430e-001  2.2572632e+000
 -3.9946864e-001  6.5534326e-001
 -5.3737666e-001  8.6416487e-001
  2.1176969e-001 -3.8093904e-002
 -4.3573837e-002  1.5251912e-001
  8.5790724e-001 -2.3443525e+000
 -1.3624694e-001  9.6375982e-002
  2.2252020e-001 -3.4451190e-001
 -8.4766982e-001  2.6292943e+000
 -9.4973777e-001  3.5602686e+000
 -7.3274106e-001  1.8364220e+000
 -7.0409565e-001  1.5899700e+000
 -4.7777872e-002  1.6483033e-001
 -1.7828306e-001  6.6744483e-002
  5.5867298e-001 -1.0696103e+000
  1.7856859e-001 -4.1834036e-002
 -5.6145765e-001  1.2054146e+000
  7.7663082e-001 -1.8423437e+000
  8.3451435e-001 -2.2132615e+000
  2.8938505e-001 -2.7690225e-001
 -2.2265594e-001  2.6431974e-001
  8.8580116e-001 -2.7810379e+000
  2.2390105e-001 -1.4771950e-001
  6.9387215e-001 -1.3604125e+000
 -6.4415682e-001  1.4931111e+000
  8.2527984e-001 -2.3493227e+000
 -6.7487842e-001  1.6816396e+000
 -7.3747292e-001  1.8395085e+000
 -4.4714211e-001  6.2563420e-001
 -3.0730066e-001  5.1192289e-001
 -8.2313817e-001  2.2907730e+000
 -6.1590509e-001  1.3555107e+000
 -3.4762779e-001  4.0370879e-001
  5.4281650e-001 -9.8941982e-001
  8.1482633e-001 -1.9988206e+000
 -2.9670941e-001  4.0367190e-001
 -2.2335587e-001  3.3787162e-001
 -6.8245547e-001  1.7348060e+000
  6.9387449e-001 -1.4226102e+000
 -5.7382006e-001  9.5029286e-001
 -9.9900020e-001  3.8491581e+000
  9.2309067e-001 -3.0528647e+000
  9.5226914e-001 -3.1637649e+000
  5.8562081e-001 -1.0437483e+000
 -6.3041340e-001  1.3808182e+000
 -7.0192674e-001  1.7987870e+000
 -4.8286536e-001  8.6612985e-001
  2.3238279e-001 -2.5796283e-001
  8.8873454e-001 -2.6173075e+000
 -9.2657073e-002 -6.0777734e-002
 -4.3599882e-001  7.4904671e-001
 -9.7642896e-001  3.7128294e+000
 -7.9323551e-001  2.0743762e+000
  7.3639157e-001 -1.6831703e+000
 -7.0769313e-001  1.8554469e+000
  4.0229928e-001 -5.6989253e-001
  2.9366465e-001 -1.6430797e-001
