 -3.3825664e-003  2.6018737e-002
  6.0606251e-003  3.9821471e-002
 -4.5817077e-003 -2.4387312e-002
  4.7736081e-003 -3.5208524e-004
  4.9853908e-005  1.9211462e-003
 -7.0875840e-003  5.4853829e-002
  5.5768345e-003  1.5809168e-002
 -4.9721801e-003 -6.3922339e-002
  8.3223519e-004 -7.4071869e-002
 -7.8177619e-003 -6.0695869e-002
  9.1010538e-001 -1.5924470e-002
  9.1601612e-001  2.2059761e-002
  9.1977379e-001 -3.1446209e-002
  9.0479771e-001 -2.4311003e-001
  9.2409591e-001 -2.9267463e-001
  9.1394178e-001 -5.2696451e-001
  9.2388512e-001 -5.5638146e-001
  9.2253585e-001 -7.0934586e-001
  9.2613549e-001 -8.7719168e-001
  9.2693946e-001 -1.1434256e+000
  9.2174183e-001 -1.2600241e+000
  9.1195646e-001 -1.3943336e+000
  9.0804609e-001 -1.5739548e+000
  9.2116918e-001 -1.6193703e+000
  9.0415269e-001 -1.7118011e+000
  9.2178071e-001 -1.9037820e+000
  9.0564149e-001 -1.9496635e+000
  9.1504001e-001 -1.9300742e+000
  9.1525062e-001 -2.0301635e+000
  9.0510720e-001 -2.1565080e+000
  9.2638241e-001 -2.2749088e+000
  9.2482324e-001 -2.2516997e+000
  9.1132751e-001 -2.3933191e+000
  9.2473178e-001 -2.3029997e+000
  9.0543819e-001 -2.4428381e+000
  9.1670890e-001 -2.5486929e+000
  9.2561972e-001 -2.5381503e+000
  9.1056605e-001 -2.6207292e+000
  9.2055900e-001 -2.6132407e+000
  9.1665386e-001 -2.6797155e+000
  9.0837142e-001 -2.6898152e+000
  9.2147623e-001 -2.7044689e+000
  9.0605902e-001 -2.6184515e+000
  9.0482979e-001 -2.7156748e+000
  9.0979215e-001 -2.6285308e+000
  9.1725375e-001 -2.7623499e+000
  9.2646954e-001 -2.6827206e+000
  9.1166171e-001 -2.6923715e+000
  9.1478740e-001 -2.7297029e+000
  9.1965038e-001 -2.7934119e+000
  9.0928150e-001 -2.7156916e+000
  9.1479123e-001 -2.8390503e+000
  9.1533359e-001 -2.7525987e+000
  9.0407577e-001 -2.7441922e+000
  9.0955162e-001 -2.8611495e+000
  9.2474449e-001 -2.8821518e+000
  9.2595008e-001 -2.7711033e+000
  9.1122685e-001 -2.8994506e+000
  9.0362508e-001 -2.7850768e+000
  9.0814835e-001 -2.9123029e+000
  9.1482025e-001 -2.9236878e+000
  9.0885758e-001 -2.8799311e+000
  9.1540193e-001 -2.8652596e+000
  9.1242003e-001 -2.8416048e+000
  9.1618378e-001 -2.8235022e+000
  9.2197998e-001 -2.9276621e+000
  9.2152408e-001 -2.9063760e+000
  9.0959145e-001 -2.9243755e+000
  9.1441740e-001 -2.9068316e+000
  9.1519520e-001 -2.8182124e+000
  9.1755700e-001 -2.7991657e+000
  9.1956680e-001 -2.8923228e+000
  9.2580333e-001 -2.8977188e+000
  9.0873897e-001 -2.8097233e+000
  9.2165075e-001 -2.8025860e+000
  9.0454977e-001 -2.8128362e+000
  9.1580402e-001 -2.9255566e+000
  9.0400285e-001 -2.9432473e+000
  9.1948165e-001 -2.9663612e+000
 -2.1767799e-001 -2.9292366e+000
 -2.2587216e-001 -2.9022864e+000
 -2.1640853e-001 -2.8893036e+000
 -2.2503919e-001 -2.6493433e+000
 -2.1052180e-001 -2.4658042e+000
 -2.2201116e-001 -2.3541785e+000
 -2.2327740e-001 -2.1724778e+000
 -2.0938294e-001 -2.0279170e+000
 -2.2715466e-001 -1.8946704e+000
 -2.1357843e-001 -1.7071729e+000
 -2.2383104e-001 -1.5789143e+000
 -2.0559582e-001 -1.4118624e+000
 -2.2763574e-001 -1.2059539e+000
 -2.2318704e-001 -1.2207768e+000
 -2.1478961e-001 -9.6362920e-001
 -2.1099512e-001 -9.1261182e-001
 -2.0650089e-001 -8.2904952e-001
 -2.2085531e-001 -6.7333934e-001
 -2.1897829e-001 -6.7381798e-001
 -2.0502950e-001 -6.0177478e-001
 -2.0620527e-001 -4.6704347e-001
 -2.1303127e-001 -4.7500803e-001
 -2.2599329e-001 -4.5270502e-001
 -2.0978944e-001 -2.9621663e-001
 -2.2830580e-001 -2.2314265e-001
 -2.1278703e-001 -2.0167774e-001
 -2.2445578e-001 -1.3217818e-001
 -2.2268869e-001 -2.1788843e-001
 -2.1308331e-001 -1.8416262e-001
 -2.1174277e-001 -1.7280641e-003
 -2.2249587e-001 -1.5974587e-002
 -2.1996832e-001 -6.7820614e-002
 -2.2673220e-001  8.9707561e-003
 -2.0680649e-001  4.2480063e-002
 -2.1838001e-001  4.1606066e-002
 -2.1768551e-001 -2.7584122e-003
 -2.1253073e-001  9.0921759e-002
 -2.0808430e-001  6.7169997e-002
 -2.2716899e-001  1.2710510e-001
 -2.1245210e-001  3.0762699e-002
 -2.2470963e-001  1.3615473e-001
 -2.0484545e-001  1.9687044e-001
 -2.0793983e-001  1.3157947e-001
 -2.2774053e-001  2.1997985e-001
 -2.1252545e-001  1.5718959e-001
 -2.2170648e-001  2.3500630e-001
 -2.1653227e-001  1.7013813e-001
 -2.1784346e-001  1.3676739e-001
 -2.2672441e-001  2.2488626e-001
 -2.0759490e-001  2.4174120e-001
 -2.2718070e-001  1.2449042e-001
 -2.0469014e-001  2.5770319e-001
 -2.1425916e-001  2.1284503e-001
 -2.0686746e-001  1.9588880e-001
 -2.1841779e-001  2.6771298e-001
 -2.1787964e-001  1.5248818e-001
 -2.0953328e-001  2.2547862e-001
 -2.2513742e-001  2.5550333e-001
 -2.1274220e-001  1.8814870e-001
 -2.1026329e-001  2.2104721e-001
 -2.1525943e-001  2.9211295e-001
 -2.1890107e-001  1.3060116e-001
 -2.2014965e-001  1.7013115e-001
 -2.0570415e-001  1.5231733e-001
 -2.1934525e-001  2.3235184e-001
 -2.2816628e-001  2.2764117e-001
 -2.1627420e-001  1.9250829e-001
 -2.1651267e-001  1.7952092e-001
 -2.2161917e-001  2.1919119e-001
 -1.5946997e-001  2.8434632e-001
 -1.4590440e-001  1.7020674e-001
 -1.5031665e-001  1.5579340e-001
 -1.5923775e-001  2.8461564e-001
 -1.5764933e-001  1.3392189e-001
 -1.6381595e-001  2.2392404e-001
 -1.6470503e-001  1.5032506e-001
 -1.5621353e-001  1.8801310e-001
 -1.6314666e-001  1.5899749e-001
 -1.5741177e-001  2.5705455e-001
 -1.5419542e-001  2.0379958e-001
 -1.6409934e-001  1.3052518e-001
 -1.4503492e-001  1.3876092e-001
 -1.5266837e-001  1.6883387e-001
 -1.5141211e-001  1.1244351e-001
 -1.4313940e-001  1.5293655e-001
 -1.5793778e-001  2.0930276e-001
 -1.6690992e-001  1.6082213e-001
 -1.6008148e-001  8.6860258e-002
 -1.4828834e-001  2.4438895e-001
 -1.5401851e-001  2.0549051e-001
 -1.4430830e-001  1.4248694e-001
 -1.5172030e-001  7.7891824e-002
 -1.6292216e-001  2.3680961e-001
 -1.5781503e-001  2.0493506e-001
 -1.4635909e-001  1.8121635e-001
 -1.4716424e-001  1.1882271e-001
 -1.4493642e-001  2.0947614e-001
 -1.4806097e-001  9.4438678e-002
 -1.5677020e-001  8.5535634e-002
 -1.5546791e-001  2.2508996e-001
 -1.4689628e-001  1.6827361e-001
 -1.6280375e-001  1.1467391e-001
 -1.6461792e-001  1.2982782e-001
 -1.6271860e-001  1.9612983e-001
 -1.5890826e-001  2.2470910e-001
 -1.4603376e-001  1.2654008e-001
 -1.4741593e-001  2.0607454e-001
 -1.5972222e-001  9.9178389e-002
 -1.6655347e-001  1.4244554e-001
 -1.4826497e-001  1.0826439e-001
 -1.4848073e-001  1.6305988e-001
 -1.4489295e-001  1.1847706e-001
 -1.6498390e-001  1.5168313e-001
 -1.6381614e-001  1.5787498e-001
 -1.5086817e-001  1.0721064e-001
 -1.5447362e-001  1.8009485e-001
 -1.4548189e-001  6.5627834e-002
 -1.5115384e-001  2.2792745e-001
 -1.6036687e-001  1.9357058e-001
 -1.5319419e-001  9.5154630e-002
 -1.6160674e-001  1.2220199e-001
 -1.5218158e-001  2.1620261e-001
 -1.5504834e-001  1.3136588e-001
 -1.5341137e-001  1.5832643e-001
 -1.4514104e-001  2.2584033e-001
 -1.6245985e-001  1.7360716e-001
 -1.4770627e-001  1.4583838e-001
 -1.5925105e-001  1.8826142e-001
 -1.5474873e-001  1.5035450e-001
 -1.4720149e-001  2.1565021e-001
 -1.5971225e-001  1.6648138e-001
 -1.4442673e-001  1.3899875e-001
 -1.5314871e-001  2.0510799e-001
 -1.4591710e-001  1.1835692e-001
 -1.5573894e-001  2.2089744e-001
 -1.4356149e-001  1.3759175e-001
 -1.6050209e-001  2.2220433e-001
 -1.5826314e-001  7.7387702e-002
  7.1677817e-001  9.3323805e-002
  7.1216866e-001  2.0667605e-001
  7.1640309e-001  1.2053244e-001
  7.2329216e-001  3.9939361e-002
  7.1058057e-001  2.9506485e-002
  7.1681598e-001 -7.5601036e-002
  7.0571638e-001 -1.5722368e-001
  7.1512633e-001 -3.4957975e-001
  7.1600004e-001 -4.2435261e-001
  7.2243971e-001 -4.9638429e-001
  7.2389837e-001 -5.6971191e-001
  7.1121889e-001 -6.0766977e-001
  7.0353535e-001 -7.3118651e-001
  7.2118974e-001 -8.6763014e-001
  7.1758197e-001 -7.9102185e-001
  7.2356212e-001 -8.6706821e-001
  7.2314320e-001 -9.7114784e-001
  7.2412977e-001 -1.0927585e+000
  7.1043366e-001 -1.0451597e+000
  7.0563616e-001 -1.0613584e+000
  7.1899298e-001 -1.2294347e+000
  7.2415829e-001 -1.2176937e+000
  7.0880515e-001 -1.2369148e+000
  7.2057143e-001 -1.3433149e+000
  7.1896104e-001 -1.3726283e+000
  7.1415400e-001 -1.3623101e+000
  7.1063583e-001 -1.2823427e+000
  7.1312201e-001 -1.3170289e+000
  7.0315733e-001 -1.4221070e+000
  7.1741277e-001 -1.3827929e+000
  7.0506598e-001 -1.3922888e+000
  7.1614028e-001 -1.3448009e+000
  7.0223229e-001 -1.5087771e+000
  7.0260122e-001 -1.5305220e+000
  7.1130549e-001 -1.4968251e+000
  7.1488360e-001 -1.5172066e+000
  7.0428709e-001 -1.5404834e+000
  7.1980270e-001 -1.5310069e+000
  7.1422068e-001 -1.5400465e+000
  7.2288341e-001 -1.5224862e+000
  7.0716989e-001 -1.4667924e+000
  7.0535268e-001 -1.5934938e+000
  7.2303245e-001 -1.4874758e+000
  7.1750011e-001 -1.4383287e+000
  7.1824483e-001 -1.4908432e+000
  7.0594268e-001 -1.4572460e+000
  7.0959682e-001 -1.5755037e+000
  7.2317935e-001 -1.6039393e+000
  7.1307476e-001 -1.5022786e+000
  7.1765626e-001 -1.6019304e+000
  7.1612329e-001 -1.6088453e+000
  7.2491107e-001 -1.5107553e+000
  7.0586622e-001 -1.4861953e+000
  7.1589612e-001 -1.5076087e+000
  7.1597403e-001 -1.6050841e+000
  7.1776010e-001 -1.4771343e+000
  7.1185810e-001 -1.6196815e+000
  7.2403292e-001 -1.5405564e+000
  7.2542898e-001 -1.6363054e+000
  7.0504100e-001 -1.5685111e+000
  7.1216001e-001 -1.5227404e+000
  7.0719850e-001 -1.4871683e+000
  7.2145312e-001 -1.6190209e+000
  7.0741213e-001 -1.5991778e+000
  7.1265818e-001 -1.5355042e+000
  7.2445927e-001 -1.5291558e+000
  7.0519052e-001 -1.5213405e+000
  7.0799005e-001 -1.6090331e+000
  7.0667704e-001 -1.5875091e+000
 -7.9872956e-001 -1.6049190e+000
 -7.9628236e-001 -1.4974881e+000
 -8.0390510e-001 -1.5450364e+000
 -8.0541364e-001 -1.4145056e+000
 -7.9941621e-001 -1.1776197e+000
 -7.9861308e-001 -9.4091748e-001
 -8.1271913e-001 -6.6459955e-001
 -8.1128358e-001 -5.3466073e-001
 -7.9160218e-001 -2.7712304e-001
 -8.1225341e-001 -1.3050524e-001
 -8.0013718e-001  1.0323970e-001
 -8.0086784e-001  2.4480213e-001
 -8.0544716e-001  4.7174243e-001
 -8.1293102e-001  5.4205203e-001
 -8.0814548e-001  7.9874078e-001
 -7.9776687e-001  7.9415178e-001
 -7.9448310e-001  1.0104066e+000
 -7.9974859e-001  1.0594631e+000
 -7.9968529e-001  1.1325797e+000
 -8.0068719e-001  1.2801093e+000
 -7.9659997e-001  1.4582625e+000
 -8.0238413e-001  1.4266958e+000
 -7.9143247e-001  1.5004362e+000
 -7.9301119e-001  1.6231278e+000
 -8.0368654e-001  1.6672192e+000
 -8.0279109e-001  1.7899887e+000
 -8.0846414e-001  1.7440069e+000
 -8.0060546e-001  1.7557334e+000
 -7.9478412e-001  1.8448001e+000
 -8.0211220e-001  1.9531389e+000
 -7.9565060e-001  1.9490671e+000
 -7.9328447e-001  2.0289281e+000
 -7.9046172e-001  2.0295079e+000
 -8.0331656e-001  1.9929724e+000
 -7.9892730e-001  2.1082111e+000
 -7.9952549e-001  2.0188165e+000
 -8.0474099e-001  2.1034031e+000
 -8.0629170e-001  2.1309345e+000
 -8.0739877e-001  2.1106850e+000
 -7.9371345e-001  2.0570530e+000
 -8.1137552e-001  2.0958360e+000
 -8.1086331e-001  2.0989083e+000
 -7.9707533e-001  2.0880202e+000
 -7.9368202e-001  2.1119419e+000
 -8.0183792e-001  2.2620956e+000
 -8.0357217e-001  2.1212547e+000
 -7.9255091e-001  2.2294257e+000
 -8.0514580e-001  2.2208054e+000
 -7.9724538e-001  2.2488423e+000
 -8.0874427e-001  2.2655872e+000
 -8.1039042e-001  2.2196009e+000
 -8.1327376e-001  2.1881742e+000
 -7.9617417e-001  2.2722076e+000
 -8.0001074e-001  2.2644454e+000
 -7.9796947e-001  2.3306956e+000
 -8.1321775e-001  2.3232918e+000
 -8.0161594e-001  2.2122301e+000
 -7.9733411e-001  2.1942068e+000
 -8.0040962e-001  2.1765860e+000
 -8.0549956e-001  2.2578630e+000
 -8.0619230e-001  2.2301221e+000
 -7.9871995e-001  2.2172039e+000
 -7.9633339e-001  2.3292100e+000
 -8.0963322e-001  2.3015789e+000
 -8.0592141e-001  2.2945652e+000
 -7.9721426e-001  2.2002426e+000
 -8.0299201e-001  2.2414320e+000
 -7.9647977e-001  2.2049527e+000
 -8.1247921e-001  2.2261828e+000
 -6.4250613e-001  2.2671207e+000
 -6.3527904e-001  2.3438841e+000
 -6.3916918e-001  2.2166264e+000
 -6.4677899e-001  2.2781425e+000
 -6.3289076e-001  2.1610717e+000
 -6.4045218e-001  2.1671311e+000
 -6.5033722e-001  2.0144026e+000
 -6.3519523e-001  2.0124110e+000
 -6.4247497e-001  2.0241860e+000
 -6.3966900e-001  1.9202449e+000
 -6.4022187e-001  1.8483682e+000
 -6.4217520e-001  1.8932302e+000
 -6.3399725e-001  1.7745281e+000
 -6.5200757e-001  1.7089519e+000
 -6.4390424e-001  1.8184139e+000
 -6.4604759e-001  1.6730410e+000
 -6.3918013e-001  1.6940153e+000
 -6.5155793e-001  1.6631597e+000
 -6.4850861e-001  1.6623584e+000
 -6.5453655e-001  1.6375986e+000
 -6.4542026e-001  1.6061810e+000
 -6.3495382e-001  1.6283842e+000
 -6.5309699e-001  1.5008703e+000
 -6.5491521e-001  1.5244716e+000
 -6.3741268e-001  1.5029235e+000
 -6.5514091e-001  1.6001124e+000
 -6.3398548e-001  1.5279894e+000
 -6.3597449e-001  1.4425221e+000
 -6.4610015e-001  1.5799755e+000
 -6.4161243e-001  1.5552051e+000
 -6.3970045e-001  1.4211721e+000
 -6.4681282e-001  1.5562046e+000
 -6.3796568e-001  1.5297338e+000
 -6.4816046e-001  1.4225837e+000
 -6.4454737e-001  1.4926220e+000
 -6.4877355e-001  1.4398034e+000
 -6.5293090e-001  1.4300874e+000
 -6.5040800e-001  1.4539279e+000
 -6.3268976e-001  1.4892477e+000
 -6.5255753e-001  1.3717454e+000
 -6.5029643e-001  1.4745088e+000
 -6.4817874e-001  1.3822554e+000
 -6.4322015e-001  1.3650675e+000
 -6.4614949e-001  1.4164948e+000
 -6.5290048e-001  1.4112916e+000
 -6.5237760e-001  1.4616232e+000
 -6.4957254e-001  1.3665673e+000
 -6.5032986e-001  1.3890737e+000
 -6.4743746e-001  1.4193566e+000
 -6.4488291e-001  1.4197737e+000
 -6.3923139e-001  1.4645784e+000
 -6.3516026e-001  1.3378579e+000
 -6.5528157e-001  1.4124567e+000
 -6.3363478e-001  1.4452926e+000
 -6.3586465e-001  1.3947938e+000
 -6.3798520e-001  1.4802601e+000
 -6.5282464e-001  1.3395412e+000
 -6.5186692e-001  1.4259450e+000
 -6.3420794e-001  1.4573504e+000
 -6.3586612e-001  1.3553062e+000
 -6.5079028e-001  1.3789101e+000
 -6.4282192e-001  1.3588547e+000
 -6.4093420e-001  1.4519304e+000
 -6.5266578e-001  1.3558350e+000
 -6.3360599e-001  1.4233599e+000
 -6.4970355e-001  1.4864403e+000
 -6.4282198e-001  1.3655773e+000
 -6.3536786e-001  1.4519434e+000
 -6.3493452e-001  1.4417321e+000
 -1.0566825e-001  1.4120285e+000
 -1.0127517e-001  1.3194421e+000
 -1.0323019e-001  1.3794055e+000
 -1.0931170e-001  1.3415627e+000
 -1.0195854e-001  1.3073735e+000
 -1.1635049e-001  1.2155678e+000
 -1.0373464e-001  1.1895455e+000
 -1.0518150e-001  1.0961826e+000
 -1.1349613e-001  9.4481288e-001
 -1.0222940e-001  9.0927013e-001
 -1.1089094e-001  7.9478503e-001
 -1.0540329e-001  7.2755229e-001
 -1.0777544e-001  7.1483847e-001
 -1.1331955e-001  6.1159165e-001
 -9.8126743e-002  5.4144749e-001
 -9.8852688e-002  6.1031521e-001
 -1.0138613e-001  4.5506861e-001
 -9.8245141e-002  5.5195840e-001
 -9.6697706e-002  5.0329715e-001
 -1.1318461e-001  3.7215289e-001
 -1.0177677e-001  3.4535170e-001
 -1.0454114e-001  3.3200304e-001
 -1.0895581e-001  3.8258214e-001
 -1.1249668e-001  3.8850783e-001
 -1.1033020e-001  2.4259869e-001
 -1.1408416e-001  2.5831514e-001
 -1.0878198e-001  3.2635518e-001
 -1.1872804e-001  3.1321177e-001
 -1.0029550e-001  1.9199793e-001
 -1.0742146e-001  2.0304186e-001
 -9.6293288e-002  2.1065043e-001
 -1.0651132e-001  2.6425590e-001
 -1.0868614e-001  2.7342809e-001
 -1.0330543e-001  1.1434443e-001
 -1.1094073e-001  2.2071105e-001
 -1.1137530e-001  2.3959391e-001
 -1.0972503e-001  2.2083294e-001
 -1.0598087e-001  1.5936824e-001
 -1.0037452e-001  1.4055669e-001
 -1.0152638e-001  2.1665290e-001
 -1.1962944e-001  1.8235362e-001
 -1.0829132e-001  1.4918603e-001
 -1.0848389e-001  1.0870552e-001
 -9.8048464e-002  1.6779508e-001
 -1.1274832e-001  1.2786378e-001
 -1.0627012e-001  8.1457916e-002
 -9.6317556e-002  4.3791998e-002
 -9.8002973e-002  1.9428674e-001
 -1.0298663e-001  1.5088499e-001
 -1.0739694e-001  1.9733710e-001
 -1.0337591e-001  1.9944232e-001
 -1.0857386e-001  9.2206076e-002
 -1.1513114e-001  8.5348167e-002
 -1.0602972e-001  1.1487780e-001
 -1.0606528e-001  3.8127370e-002
 -1.1074581e-001  1.4636930e-001
 -1.1700081e-001  1.7313091e-001
 -9.6695801e-002  1.5867734e-001
 -9.9507063e-002  2.9299115e-002
 -1.0182823e-001  1.2465312e-001
 -1.1494743e-001  1.1762035e-001
 -9.9457655e-002  1.0415558e-001
 -1.1916456e-001  1.8585592e-001
 -1.0634289e-001  2.6602288e-002
 -1.0103684e-001  6.0492911e-002
 -9.5953642e-002  1.0393796e-001
 -1.1880537e-001  6.2486166e-002
 -1.1177771e-001  4.5716660e-002
 -1.0904064e-001  1.0522726e-001
 -1.7718132e-001  4.8659339e-002
 -1.7092197e-001  9.6311264e-002
 -1.8504177e-001  1.7487799e-001
 -1.7515685e-001  2.6514146e-002
 -1.7577051e-001  7.2959083e-002
 -1.7355349e-001  1.7857684e-001
 -1.7082436e-001  6.5362064e-002
 -1.6411546e-001  5.3574019e-002
 -1.6968132e-001  1.5335287e-001
 -1.8416345e-001  9.5192129e-002
 -1.8408395e-001  1.3683096e-001
 -1.7381793e-001  2.1203033e-001
 -1.8115272e-001  7.0746273e-002
 -1.8224180e-001  2.2020628e-001
 -1.8382656e-001  2.0210765e-001
 -1.7890600e-001  2.1242546e-001
 -1.8144354e-001  7.7445438e-002
 -1.6760367e-001  1.3079085e-001
 -1.8429817e-001  9.9843265e-002
 -1.7363936e-001  1.1058482e-001
 -1.8624792e-001  1.9591203e-001
 -1.6630543e-001  1.1514817e-001
 -1.8167897e-001  2.3688542e-001
 -1.8642304e-001  1.6960270e-001
 -1.7462640e-001  9.3272332e-002
 -1.6598222e-001  1.5207688e-001
 -1.7441880e-001  2.2397804e-001
 -1.8083058e-001  1.8693022e-001
 -1.6506167e-001  2.2672023e-001
 -1.8479604e-001  7.9002814e-002
 -1.6789837e-001  1.3303238e-001
 -1.7059861e-001  1.6748145e-001
 -1.6325912e-001  2.0651000e-001
 -1.6279724e-001  1.5042396e-001
 -1.7230941e-001  2.3865807e-001
 -1.6418715e-001  2.2893601e-001
 -1.7474496e-001  2.5111359e-001
 -1.7525854e-001  1.0176030e-001
 -1.6560685e-001  1.4649582e-001
 -1.7474574e-001  1.0360995e-001
 -1.6872907e-001  1.5117226e-001
 -1.8352083e-001  1.4501625e-001
 -1.6765777e-001  1.2246483e-001
 -1.7535663e-001  8.9009914e-002
 -1.7569536e-001  8.7188900e-002
 -1.7675115e-001  2.1762840e-001
 -1.7041137e-001  1.5714080e-001
 -1.8261360e-001  2.2273304e-001
 -1.7721029e-001  2.4334240e-001
 -1.7017064e-001  9.5336303e-002
 -1.8430096e-001  1.5665770e-001
 -1.6750549e-001  1.2422015e-001
 -1.7464926e-001  1.1564306e-001
 -1.7656295e-001  2.2818140e-001
 -1.6711755e-001  1.8349097e-001
 -1.6332074e-001  1.3296046e-001
 -1.7029015e-001  1.4424507e-001
 -1.8372545e-001  2.4348145e-001
 -1.6278730e-001  1.2821230e-001
 -1.6522135e-001  1.1123907e-001
 -1.8122631e-001  1.1245800e-001
 -1.8413208e-001  2.4096936e-001
 -1.8578421e-001  2.1359115e-001
 -1.6471466e-001  2.0488636e-001
 -1.6547918e-001  2.5208696e-001
 -1.7795730e-001  2.3405934e-001
 -1.6959620e-001  1.1067159e-001
 -1.6929395e-001  1.9982981e-001
 -1.7195250e-001  1.5033316e-001
  1.1129601e-001  1.7014882e-001
  1.2551913e-001  2.3281918e-001
  1.1700504e-001  1.0395161e-001
  1.2391266e-001  1.5661398e-001
  1.2399759e-001  1.2804481e-001
  1.1027616e-001  2.0639559e-001
  1.1270796e-001  4.5148053e-002
  1.1221857e-001  8.0595835e-002
  1.0618208e-001  1.3286011e-001
  1.1119466e-001  2.9379252e-002
  1.1794449e-001  3.8387407e-002
  1.1993334e-001  1.1991724e-001
  1.0841746e-001  1.1013573e-001
  1.1597508e-001  3.7779769e-002
  1.0711737e-001  4.1946099e-002
  1.1388810e-001 -4.1589036e-002
  1.0574871e-001 -4.3167159e-002
  1.1183941e-001 -7.3982823e-002
  1.2505827e-001 -5.4113099e-002
  1.1617121e-001 -6.1641346e-002
  1.2285506e-001 -8.0820614e-002
  1.1042015e-001 -1.0986036e-001
  1.1982148e-001 -1.2029548e-001
  1.1702353e-001 -8.0706101e-002
  1.1442590e-001 -3.0327795e-002
  1.1301396e-001 -1.2737398e-001
  1.1850787e-001 -1.1695517e-001
  1.1533576e-001 -5.9528492e-002
  1.1491081e-001 -1.3212705e-001
  1.0442120e-001 -6.2834773e-002
  1.1421018e-001 -1.7015879e-002
  1.1800152e-001 -9.0768610e-002
  1.2217763e-001 -1.5366785e-001
  1.2216367e-001 -1.6499103e-002
  1.1349799e-001 -1.0599457e-001
  1.2289664e-001 -1.0887567e-001
  1.1054947e-001 -5.1772200e-002
  1.0751040e-001 -1.1502197e-001
  1.0524107e-001 -5.2369494e-002
  1.2168815e-001 -1.7345655e-001
  1.1990623e-001 -1.8610175e-002
  1.2439188e-001 -7.9646327e-002
  1.1653674e-001 -1.3615222e-001
  1.0923732e-001 -4.3636309e-002
  1.2193697e-001 -3.2395372e-002
  1.1345118e-001 -1.0580771e-001
  1.2573444e-001 -5.0477990e-002
  1.1459091e-001 -9.3024041e-002
  1.2628627e-001 -3.8337003e-002
  1.1945838e-001 -9.1529298e-002
  1.2686272e-001 -9.8091486e-002
  1.0756024e-001 -2.3310898e-002
  1.1313343e-001 -7.4639319e-002
  1.2084741e-001 -1.6610513e-001
  1.2831990e-001 -2.8652330e-002
  1.0994909e-001 -1.6693976e-001
  1.1337760e-001 -3.3758974e-002
  1.2138352e-001 -1.5436501e-001
  1.0564973e-001 -6.9868866e-002
  1.1808053e-001 -1.5099873e-001
  1.1580191e-001 -9.4234826e-002
  1.2484119e-001 -1.2434144e-001
  1.1285320e-001 -1.4744513e-001
  1.0835466e-001 -1.0978085e-001
  1.1708040e-001 -1.2936649e-001
  1.1262413e-001 -4.9236075e-002
  1.1478809e-001 -1.6807693e-001
  1.0599873e-001 -1.0776495e-001
  1.0611800e-001 -1.2366218e-001
 -4.3892589e-001 -1.9994126e-002
 -4.4214565e-001 -2.0943897e-002
 -4.2764223e-001 -6.5736863e-002
 -4.2748757e-001 -1.5313352e-002
 -4.2916792e-001 -6.1280190e-002
 -4.3439624e-001 -2.0106010e-002
 -4.3370001e-001  3.3472058e-002
 -4.2464096e-001  4.1341809e-002
 -4.2411088e-001  8.4507150e-002
 -4.2754939e-001  1.8032238e-001
 -4.3279560e-001  2.8916363e-001
 -4.2503395e-001  3.0687794e-001
 -4.2680502e-001  1.9868196e-001
 -4.2927793e-001  3.7181991e-001
 -4.3392383e-001  2.6173433e-001
 -4.2811683e-001  3.4985300e-001
 -4.3600291e-001  4.1364100e-001
 -4.2790234e-001  4.1206631e-001
 -4.3289114e-001  4.7004510e-001
 -4.2422937e-001  4.7334485e-001
 -4.2355063e-001  3.8701042e-001
 -4.3296770e-001  5.2721340e-001
 -4.3617491e-001  5.7731519e-001
 -4.3438625e-001  5.9227353e-001
 -4.4118077e-001  5.3571101e-001
 -4.3090349e-001  5.3548706e-001
 -4.3929408e-001  5.9011815e-001
 -4.2343900e-001  5.6971504e-001
 -4.3241035e-001  5.2921881e-001
 -4.3964545e-001  5.4511187e-001
 -4.2363996e-001  4.9277539e-001
 -4.3044269e-001  5.8178937e-001
 -4.3440186e-001  6.0446491e-001
 -4.2455031e-001  5.1370964e-001
 -4.2409405e-001  6.2932238e-001
 -4.3652783e-001  5.7538427e-001
 -4.2531272e-001  6.8142063e-001
 -4.2074012e-001  6.1448562e-001
 -4.4186439e-001  5.3973213e-001
 -4.2586554e-001  6.1512245e-001
 -4.4114260e-001  5.8472952e-001
 -4.2857978e-001  5.8516248e-001
 -4.2542142e-001  5.7173441e-001
 -4.2656049e-001  6.2448710e-001
 -4.2240567e-001  6.4576008e-001
 -4.2367656e-001  6.4322679e-001
 -4.3743829e-001  5.9589518e-001
 -4.3798429e-001  5.7951775e-001
 -4.3564093e-001  6.3610291e-001
 -4.3130099e-001  6.8897585e-001
 -4.3890828e-001  6.4653732e-001
 -4.2608476e-001  7.0866006e-001
 -4.2901488e-001  5.6264752e-001
 -4.2511999e-001  5.7389369e-001
 -4.2792456e-001  5.7141089e-001
 -4.3245438e-001  7.1496591e-001
 -4.4166743e-001  5.6403883e-001
 -4.3502288e-001  6.1049737e-001
 -4.3608679e-001  5.9046902e-001
 -4.4104503e-001  6.2420793e-001
 -4.3812167e-001  6.8708705e-001
 -4.2768104e-001  6.3722320e-001
 -4.1944920e-001  5.6181820e-001
 -4.2723384e-001  6.0308542e-001
 -4.2814637e-001  7.1390073e-001
 -4.2410498e-001  5.9042452e-001
 -4.2341076e-001  6.3685470e-001
 -4.3615862e-001  6.9833477e-001
 -4.3966952e-001  6.1861870e-001
 -1.1110080e-001  6.0904511e-001
 -1.0468402e-001  5.8077609e-001
 -1.2440705e-001  6.9452244e-001
 -1.1871672e-001  6.7788593e-001
 -1.1128311e-001  6.5224131e-001
 -1.1820685e-001  5.1076394e-001
 -1.1589854e-001  4.5097606e-001
 -1.1126224e-001  5.5851788e-001
 -1.1520127e-001  4.8446944e-001
 -1.2198952e-001  3.6588700e-001
 -1.1366424e-001  4.0227775e-001
 -1.1364951e-001  4.2324215e-001
 -1.0384208e-001  3.4876834e-001
 -1.2496825e-001  2.6675246e-001
 -1.2177169e-001  2.7207349e-001
 -1.0301786e-001  3.1648254e-001
 -1.1004588e-001  2.6601046e-001
 -1.1559384e-001  3.4526926e-001
 -1.2408609e-001  1.9415007e-001
 -1.0310673e-001  1.8445820e-001
 -1.1727143e-001  2.9866198e-001
 -1.2190025e-001  2.3416223e-001
 -1.2246083e-001  2.7420973e-001
 -1.2562045e-001  1.7187054e-001
 -1.0972037e-001  1.6021628e-001
 -1.1161515e-001  1.5807622e-001
 -1.2217699e-001  2.3491036e-001
 -1.0919410e-001  2.0916052e-001
 -1.2544128e-001  1.3231729e-001
 -1.2361299e-001  2.3929198e-001
 -1.0211067e-001  2.1049588e-001
 -1.0623720e-001  1.9958048e-001
 -1.2322119e-001  1.7559718e-001
 -1.0911909e-001  1.1253046e-001
 -1.1534319e-001  8.6324954e-002
 -1.0415438e-001  4.8434140e-002
 -1.1128268e-001  6.2243982e-002
 -1.1803368e-001  1.6712496e-001
 -1.0600558e-001  6.2648800e-002
 -1.1399514e-001  1.5727399e-001
 -1.2291403e-001  1.2955160e-001
 -1.2457110e-001  1.8945941e-001
 -1.1526023e-001  5.9338038e-002
 -1.1030590e-001  1.1662335e-001
 -1.1947973e-001  1.5011638e-001
 -1.1394125e-001  3.5600964e-002
 -1.0901768e-001  1.6058923e-001
 -1.1327743e-001  8.1736459e-002
 -1.1333264e-001  4.7491481e-002
 -1.2107381e-001  1.7770532e-001
 -1.2196466e-001  5.2795834e-002
 -1.0654793e-001  5.4257255e-002
 -1.2213935e-001  5.2541828e-002
 -1.0330448e-001  1.2641910e-001
 -1.0310679e-001  8.0860590e-002
 -1.0944211e-001  1.0329740e-001
 -1.0569816e-001  4.6674661e-002
 -1.1661646e-001  6.7554782e-002
 -1.0218253e-001  6.8783912e-002
 -1.1221639e-001  7.6489613e-002
 -1.0392861e-001  7.7010782e-002
 -1.1328832e-001  1.8518022e-001
 -1.1853960e-001  1.3823629e-001
 -1.1204121e-001  6.7149889e-002
 -1.1038437e-001  1.2202759e-001
 -1.0595157e-001  1.1526821e-001
 -1.1002524e-001  1.1656531e-001
 -1.1553917e-001  1.1842208e-001
 -1.1462317e-001  2.1254238e-002
  5.0561418e-001  4.2797136e-002
  5.0390503e-001  4.8814331e-002
  5.0635525e-001  8.7902935e-002
  4.8902566e-001  6.2629102e-002
  5.0536784e-001 -7.2419204e-003
  5.0211296e-001  1.7520342e-002
  5.0499368e-001 -1.3542148e-001
  4.8851816e-001 -2.0343866e-001
  4.9187509e-001 -1.3647568e-001
  4.9125037e-001 -2.4330089e-001
  5.1183124e-001 -1.9814752e-001
  5.0450394e-001 -2.9954167e-001
  4.9789454e-001 -2.9906557e-001
  4.9787384e-001 -3.2878880e-001
  5.0315793e-001 -3.7746320e-001
  5.0097009e-001 -4.1905798e-001
  5.0153706e-001 -3.9652731e-001
  5.1102163e-001 -4.1999621e-001
  5.0524833e-001 -5.3840958e-001
  4.9567118e-001 -4.6541377e-001
  4.9191433e-001 -6.1818115e-001
  5.0755972e-001 -5.7413305e-001
  4.9629065e-001 -6.4608142e-001
  4.9281821e-001 -5.2849067e-001
  4.8941875e-001 -6.7297455e-001
  5.0379912e-001 -5.4172882e-001
  4.9968277e-001 -6.1232144e-001
  5.0311656e-001 -6.3263257e-001
  5.0229115e-001 -6.7422484e-001
  4.9963897e-001 -5.6649353e-001
  4.9946517e-001 -6.9369535e-001
  5.0032632e-001 -6.1867216e-001
  5.0292993e-001 -6.4094653e-001
  4.9882029e-001 -6.2842558e-001
  5.0545306e-001 -7.0468431e-001
  4.8904705e-001 -7.2661785e-001
  4.9873276e-001 -7.4249582e-001
  5.0578278e-001 -7.3209206e-001
  5.0068203e-001 -6.5984106e-001
  4.9594001e-001 -6.1503361e-001
  4.9060620e-001 -7.7355890e-001
  4.9057057e-001 -7.6608052e-001
  5.0112533e-001 -7.1430896e-001
  5.0591233e-001 -7.4861990e-001
  4.9136440e-001 -6.6831279e-001
  5.0312923e-001 -6.9828651e-001
  4.8987518e-001 -6.9743207e-001
  5.0156827e-001 -6.6201431e-001
  5.0555361e-001 -7.1224361e-001
  4.9931345e-001 -6.9693852e-001
  4.9084389e-001 -7.1946379e-001
  5.0780113e-001 -7.2458393e-001
  4.8907446e-001 -6.6741081e-001
  4.9505883e-001 -8.0319908e-001
  4.9071686e-001 -8.0404189e-001
  4.9062514e-001 -7.7690758e-001
  4.9775753e-001 -6.9157536e-001
  5.0564981e-001 -6.7177020e-001
  4.9731238e-001 -7.0766323e-001
  5.1127190e-001 -7.7607906e-001
  5.0824897e-001 -7.8010668e-001
  5.1124484e-001 -7.5934602e-001
  5.0834580e-001 -7.2537943e-001
  4.9666217e-001 -8.0969260e-001
  4.9946841e-001 -7.2763060e-001
  4.9912169e-001 -7.7115152e-001
  4.8868631e-001 -7.8403588e-001
  4.8881067e-001 -7.6667823e-001
  5.0327737e-001 -7.8039490e-001
  2.7383983e-001 -6.6236613e-001
  2.7805185e-001 -7.1116883e-001
  2.7691163e-001 -7.2931875e-001
  2.8248402e-001 -7.7680426e-001
  2.8331375e-001 -6.1757918e-001
  2.8126362e-001 -5.9358321e-001
  2.8526295e-001 -5.8781630e-001
  2.8362218e-001 -6.0606260e-001
  2.7536150e-001 -6.3848402e-001
  2.6947449e-001 -5.7171981e-001
  2.8969752e-001 -5.2622049e-001
  2.8766516e-001 -5.5762971e-001
  2.7784726e-001 -5.3263773e-001
  2.8277575e-001 -5.5718847e-001
  2.7240918e-001 -3.9195887e-001
  2.8165728e-001 -5.0265709e-001
  2.8015934e-001 -4.1430477e-001
  2.8160600e-001 -3.5670249e-001
  2.7954893e-001 -3.7638385e-001
  2.7339617e-001 -4.4206041e-001
  2.7987835e-001 -3.3567878e-001
  2.9135073e-001 -3.9138244e-001
  2.8850512e-001 -3.2035991e-001
  2.7104144e-001 -3.9238042e-001
  2.8428334e-001 -3.1451027e-001
  2.6989404e-001 -4.0611389e-001
  2.7215903e-001 -3.5822244e-001
  2.7573810e-001 -2.7578671e-001
  2.8431519e-001 -3.1073082e-001
  2.7444098e-001 -3.1700164e-001
  2.8006523e-001 -2.3431764e-001
  2.8233344e-001 -3.1468272e-001
  2.7686357e-001 -3.4731031e-001
  2.8888184e-001 -3.6037957e-001
  2.9023767e-001 -3.5506210e-001
  2.6769648e-001 -3.7209333e-001
  2.7185051e-001 -3.8215511e-001
  2.7742261e-001 -3.2566510e-001
  2.8399883e-001 -3.3521037e-001
  2.7115066e-001 -3.0980573e-001
  2.7979025e-001 -3.3174938e-001
  2.8947717e-001 -3.4673249e-001
  2.8490883e-001 -3.1784724e-001
  2.8461631e-001 -2.5050009e-001
  2.7250450e-001 -2.1903492e-001
  2.9032066e-001 -3.4226166e-001
  2.8066656e-001 -2.8499044e-001
  2.7740261e-001 -2.1699477e-001
  2.7978727e-001 -2.7938922e-001
  2.8348302e-001 -2.8666691e-001
  2.6896470e-001 -2.1377187e-001
  2.6800934e-001 -2.0275423e-001
  2.7425840e-001 -2.2790948e-001
  2.8549627e-001 -3.3934581e-001
  2.8280423e-001 -3.4777005e-001
  2.6901190e-001 -2.1358792e-001
  2.7447353e-001 -3.0241756e-001
  2.6996720e-001 -3.2199989e-001
  2.8148480e-001 -1.9907311e-001
  2.7730309e-001 -3.0970679e-001
  2.8612651e-001 -2.9388401e-001
  2.7111724e-001 -2.9629024e-001
  2.7075463e-001 -2.7315725e-001
  2.7529109e-001 -3.4090376e-001
  2.7000878e-001 -2.4773900e-001
  2.9021241e-001 -3.4849373e-001
  2.9042578e-001 -2.0467805e-001
  2.7021292e-001 -3.4841902e-001
  2.8736213e-001 -2.6721565e-001
  6.7706768e-001 -3.1578266e-001
  6.8576715e-001 -2.2148356e-001
  6.8908433e-001 -2.2112824e-001
  6.7993570e-001 -4.3064966e-001
  6.9442833e-001 -4.0996839e-001
  6.8446909e-001 -4.7771862e-001
  6.8513303e-001 -6.0967810e-001
  6.9801984e-001 -5.1514016e-001
  6.8557501e-001 -6.5380379e-001
  6.9125377e-001 -7.1705258e-001
  6.9769854e-001 -8.4769485e-001
  6.7950068e-001 -7.9383642e-001
  6.7767393e-001 -8.3739573e-001
  6.8585092e-001 -9.5657754e-001
  6.8900005e-001 -8.9565475e-001
  6.8366413e-001 -9.5976214e-001
  6.8002940e-001 -1.0084925e+000
  6.9054517e-001 -1.0345281e+000
  6.9859390e-001 -1.0828745e+000
  6.9004496e-001 -1.1745961e+000
  6.9394538e-001 -1.2337903e+000
  6.9294686e-001 -1.2719446e+000
  6.8558277e-001 -1.2822324e+000
  6.8426496e-001 -1.1964867e+000
  6.8673036e-001 -1.1940634e+000
  6.9303294e-001 -1.2656315e+000
  6.8538907e-001 -1.3541709e+000
  6.7797533e-001 -1.3020084e+000
  6.7799047e-001 -1.3395019e+000
  6.8728007e-001 -1.4011751e+000
  6.9205619e-001 -1.2435213e+000
  6.9856337e-001 -1.2722688e+000
  6.8555625e-001 -1.4052566e+000
  6.9325596e-001 -1.2926736e+000
  6.8543318e-001 -1.3688914e+000
  6.9685838e-001 -1.2969303e+000
  6.9611268e-001 -1.2989435e+000
  6.9344277e-001 -1.3820921e+000
  6.9011978e-001 -1.3454724e+000
  6.8409434e-001 -1.4544674e+000
  6.8970002e-001 -1.3876767e+000
  6.7889728e-001 -1.3606351e+000
  6.8173480e-001 -1.3385794e+000
  6.8424814e-001 -1.3463910e+000
  6.8608262e-001 -1.4634738e+000
  6.8929562e-001 -1.3613474e+000
  6.8090637e-001 -1.3697556e+000
  6.8560326e-001 -1.3535899e+000
  6.8070369e-001 -1.4555557e+000
  6.8244653e-001 -1.4142852e+000
  6.7787117e-001 -1.4947903e+000
  6.9277896e-001 -1.3606570e+000
  6.9280496e-001 -1.3656910e+000
  6.7570647e-001 -1.4820400e+000
  6.9577911e-001 -1.3462453e+000
  6.9492186e-001 -1.3368512e+000
  6.8512236e-001 -1.3563331e+000
  6.7649440e-001 -1.4698022e+000
  6.9712239e-001 -1.3587796e+000
  6.8158593e-001 -1.3393780e+000
  6.7747618e-001 -1.4798313e+000
  6.8110354e-001 -1.3693079e+000
  6.9164941e-001 -1.4588526e+000
  6.7809458e-001 -1.3531643e+000
  6.9564790e-001 -1.4642277e+000
  6.9315279e-001 -1.3790581e+000
  6.8142847e-001 -1.5073989e+000
  6.9408227e-001 -1.4737774e+000
  6.9719989e-001 -1.3733151e+000
  9.6024951e-001 -1.4608402e+000
  9.5841253e-001 -1.4324745e+000
  9.5700839e-001 -1.5135801e+000
  9.6262214e-001 -1.5938306e+000
  9.6658836e-001 -1.5557527e+000
  9.5297210e-001 -1.6661709e+000
  9.5346066e-001 -1.7430739e+000
  9.5408989e-001 -1.9681863e+000
  9.6519553e-001 -2.0849438e+000
  9.6405864e-001 -2.0653103e+000
  9.6416795e-001 -2.2688336e+000
  9.4854889e-001 -2.2290014e+000
  9.6822608e-001 -2.4413681e+000
  9.6985286e-001 -2.4254607e+000
  9.6509288e-001 -2.4330595e+000
  9.6438983e-001 -2.5386504e+000
  9.5775882e-001 -2.6702838e+000
  9.5519404e-001 -2.7393490e+000
  9.6672285e-001 -2.6799812e+000
  9.5476026e-001 -2.7821940e+000
  9.6575374e-001 -2.7734171e+000
  9.5269468e-001 -2.9082450e+000
  9.6210345e-001 -2.8527200e+000
  9.5655508e-001 -2.9843900e+000
  9.5884339e-001 -2.9022044e+000
  9.6859798e-001 -3.0295445e+000
  9.6492509e-001 -3.0258970e+000
  9.5492119e-001 -2.9688984e+000
  9.6683490e-001 -3.0903149e+000
  9.6882344e-001 -3.0693447e+000
  9.6259044e-001 -3.0139222e+000
  9.5735987e-001 -3.0904100e+000
  9.6113372e-001 -3.2012679e+000
  9.6247629e-001 -3.1836273e+000
  9.5194217e-001 -3.1248206e+000
  9.5395023e-001 -3.1347764e+000
  9.6411918e-001 -3.1974943e+000
  9.6639552e-001 -3.1419701e+000
  9.6335311e-001 -3.1986875e+000
  9.5046834e-001 -3.1685508e+000
  9.6866660e-001 -3.1887245e+000
  9.6265337e-001 -3.2665689e+000
  9.5626799e-001 -3.1461846e+000
  9.6064416e-001 -3.2807021e+000
  9.5601452e-001 -3.2501544e+000
  9.4735909e-001 -3.2000645e+000
  9.5445880e-001 -3.2412136e+000
  9.6486933e-001 -3.3024100e+000
  9.5986222e-001 -3.3039752e+000
  9.4989891e-001 -3.1665853e+000
  9.5461512e-001 -3.2733835e+000
  9.6528064e-001 -3.2385387e+000
  9.4689959e-001 -3.2640240e+000
  9.6456942e-001 -3.2032322e+000
  9.5574403e-001 -3.2801641e+000
  9.6684176e-001 -3.2896176e+000
  9.6888489e-001 -3.1976193e+000
  9.4680564e-001 -3.2800592e+000
  9.6730029e-001 -3.2499818e+000
  9.6147256e-001 -3.2511251e+000
  9.5955014e-001 -3.2726203e+000
  9.6841651e-001 -3.2899732e+000
  9.6525919e-001 -3.3297822e+000
  9.6422663e-001 -3.2919794e+000
  9.6859393e-001 -3.1649399e+000
  9.6312761e-001 -3.3149026e+000
  9.6362969e-001 -3.2944840e+000
  9.6509516e-001 -3.2483841e+000
  9.5480008e-001 -3.2682275e+000
  6.6176051e-001 -3.3015586e+000
  6.6964267e-001 -3.2915154e+000
  6.5104247e-001 -3.2923769e+000
  6.6358170e-001 -3.1833018e+000
  6.6350951e-001 -3.0099015e+000
  6.6007779e-001 -2.9674180e+000
  6.6146348e-001 -2.8973485e+000
  6.7051539e-001 -2.7742185e+000
  6.7123249e-001 -2.5600934e+000
  6.6111266e-001 -2.5733950e+000
  6.6062386e-001 -2.4352685e+000
  6.6797334e-001 -2.2606771e+000
  6.6090608e-001 -2.2206171e+000
  6.5121663e-001 -2.2030835e+000
  6.5839417e-001 -2.1744218e+000
  6.4803889e-001 -1.9741849e+000
  6.6718212e-001 -2.0103567e+000
  6.6496651e-001 -1.8178100e+000
  6.6015616e-001 -1.7763017e+000
  6.4905925e-001 -1.7795461e+000
  6.6132350e-001 -1.8319285e+000
  6.5312657e-001 -1.7251024e+000
  6.5222415e-001 -1.6543361e+000
  6.6652717e-001 -1.7283819e+000
  6.5172123e-001 -1.6510592e+000
  6.6167634e-001 -1.5408534e+000
  6.6396947e-001 -1.4947284e+000
  6.7125904e-001 -1.6137885e+000
  6.6730273e-001 -1.4442957e+000
  6.5340670e-001 -1.4433927e+000
  6.6775794e-001 -1.4526139e+000
  6.5773341e-001 -1.4139779e+000
  6.5524146e-001 -1.5215504e+000
  6.5690537e-001 -1.5055610e+000
  6.5635158e-001 -1.4184080e+000
  6.6980175e-001 -1.4429046e+000
  6.6606811e-001 -1.3645888e+000
  6.5504025e-001 -1.4723065e+000
  6.4807099e-001 -1.3882115e+000
  6.5617338e-001 -1.3400289e+000
  6.6934713e-001 -1.2956978e+000
  6.5807439e-001 -1.4503791e+000
  6.6251701e-001 -1.3020125e+000
  6.5535058e-001 -1.3029204e+000
  6.5523629e-001 -1.3662424e+000
  6.6970371e-001 -1.3634725e+000
  6.5394331e-001 -1.2843804e+000
  6.5589984e-001 -1.3849893e+000
  6.6158039e-001 -1.2816570e+000
  6.6941610e-001 -1.4058521e+000
  6.5169529e-001 -1.2652228e+000
  6.6154055e-001 -1.2820815e+000
  6.7127109e-001 -1.3456942e+000
  6.6835905e-001 -1.2972772e+000
  6.5729666e-001 -1.2927168e+000
  6.6937628e-001 -1.3754003e+000
  6.6287138e-001 -1.3897414e+000
  6.5819424e-001 -1.2484483e+000
  6.4792332e-001 -1.3854517e+000
  6.6952601e-001 -1.3002517e+000
  6.4855829e-001 -1.2622959e+000
  6.5579338e-001 -1.3174743e+000
  6.6731282e-001 -1.3777817e+000
  6.7170468e-001 -1.2765846e+000
  6.6812269e-001 -1.3254479e+000
  6.6322112e-001 -1.2274313e+000
  6.6083400e-001 -1.3587815e+000
  6.6657307e-001 -1.3921325e+000
  6.6659119e-001 -1.2785213e+000
  4.9916675e-001 -1.2315963e+000
  4.9273030e-001 -1.2381628e+000
  4.9150755e-001 -1.3033862e+000
  4.9060694e-001 -1.3210596e+000
  4.8415255e-001 -1.1781809e+000
  4.7873376e-001 -1.1267732e+000
  4.9620043e-001 -1.2539321e+000
  4.7906160e-001 -1.0976561e+000
  4.9452639e-001 -1.0845878e+000
  4.9666895e-001 -1.1013986e+000
  4.7951411e-001 -9.9951995e-001
  4.7749120e-001 -1.0566818e+000
  4.8429261e-001 -9.9841844e-001
  4.7721118e-001 -9.3903984e-001
  4.9150483e-001 -9.8828330e-001
  4.9516939e-001 -9.6336919e-001
  4.9518271e-001 -8.9498713e-001
  4.8080628e-001 -9.5020550e-001
  4.7888578e-001 -8.1964996e-001
  4.8328707e-001 -8.2929184e-001
  4.8232096e-001 -7.5937524e-001
  4.9943881e-001 -7.8830951e-001
  4.8195817e-001 -7.5934123e-001
  4.7800421e-001 -7.5816315e-001
  4.7941883e-001 -8.6252068e-001
  4.9671752e-001 -8.6107189e-001
  4.9370727e-001 -8.2054856e-001
  4.9322022e-001 -8.1179753e-001
  4.8899064e-001 -8.2056924e-001
  4.7656351e-001 -8.1677539e-001
  4.9790692e-001 -7.7410893e-001
  4.8557733e-001 -6.9832002e-001
  4.9306438e-001 -7.1186526e-001
  4.9197682e-001 -7.9629447e-001
  4.7644083e-001 -7.0299400e-001
  4.7812162e-001 -7.2151608e-001
  4.8893344e-001 -7.4847009e-001
  4.9765482e-001 -7.6271760e-001
  4.8990927e-001 -7.0234125e-001
  4.8761837e-001 -7.1130346e-001
  4.8599865e-001 -6.5414807e-001
  4.9552262e-001 -7.7090614e-001
  4.9347950e-001 -6.4463486e-001
  4.8604066e-001 -7.2418236e-001
  4.9574519e-001 -7.0194775e-001
  4.7729372e-001 -6.5147514e-001
  4.8067773e-001 -6.6302087e-001
  4.9841136e-001 -7.7880068e-001
  4.9910414e-001 -6.6845876e-001
  4.8718937e-001 -6.2166055e-001
  4.9838845e-001 -6.6730160e-001
  4.9278600e-001 -6.4903408e-001
  4.8398360e-001 -6.2237829e-001
  4.9081238e-001 -7.4789332e-001
  4.9812238e-001 -7.2385730e-001
  4.7637305e-001 -7.5147231e-001
  4.8713974e-001 -6.9414962e-001
  4.7652633e-001 -6.6430579e-001
  4.8404133e-001 -6.4983210e-001
  4.9573962e-001 -6.3745209e-001
  4.9557615e-001 -7.0721959e-001
  4.7833213e-001 -6.2607018e-001
  4.8802418e-001 -7.7506576e-001
  4.9832743e-001 -6.4856845e-001
  4.8585617e-001 -6.6183771e-001
  4.9782179e-001 -7.7162853e-001
  4.8326667e-001 -6.4318361e-001
  4.8692574e-001 -7.3691897e-001
  4.9051909e-001 -7.7386243e-001
 -8.4954552e-001 -6.6327924e-001
 -8.3356370e-001 -7.3112190e-001
 -8.3786929e-001 -5.6449574e-001
 -8.4444373e-001 -4.6976287e-001
 -8.4347203e-001 -3.1853999e-001
 -8.4399793e-001 -1.2719870e-001
 -8.2667707e-001  1.9868303e-002
 -8.2624394e-001  1.7795478e-001
 -8.4282918e-001  4.2433527e-001
 -8.2704181e-001  4.3883789e-001
 -8.3678163e-001  7.1999558e-001
 -8.4234047e-001  8.2825217e-001
 -8.4044586e-001  9.6989439e-001
 -8.4431924e-001  1.0731008e+000
 -8.3361552e-001  1.2498367e+000
 -8.3181288e-001  1.3531521e+000
 -8.2775393e-001  1.5049642e+000
 -8.3797999e-001  1.5351723e+000
 -8.3683774e-001  1.6651144e+000
 -8.2919968e-001  1.7885212e+000
 -8.4067841e-001  1.8209807e+000
 -8.2891774e-001  1.8183073e+000
 -8.3821701e-001  1.9635783e+000
 -8.3617982e-001  1.9025875e+000
 -8.2845470e-001  2.0869254e+000
 -8.3138210e-001  2.0621335e+000
 -8.5006382e-001  2.1298257e+000
 -8.2797810e-001  2.2167392e+000
 -8.4397411e-001  2.2277234e+000
 -8.3689018e-001  2.1727037e+000
 -8.3424400e-001  2.2439644e+000
 -8.4388729e-001  2.2781832e+000
 -8.4075671e-001  2.3339217e+000
 -8.3284498e-001  2.3171342e+000
 -8.3397080e-001  2.3946185e+000
 -8.3255704e-001  2.3101355e+000
 -8.3828994e-001  2.4065166e+000
 -8.3451519e-001  2.3614343e+000
 -8.2835275e-001  2.3456107e+000
 -8.3885440e-001  2.4401564e+000
 -8.4649740e-001  2.4943187e+000
 -8.2735701e-001  2.3514927e+000
 -8.4146087e-001  2.5027599e+000
 -8.3405600e-001  2.4777495e+000
 -8.3307426e-001  2.4940305e+000
 -8.4843174e-001  2.4012935e+000
 -8.3468431e-001  2.4215521e+000
 -8.4827906e-001  2.4602884e+000
 -8.3764667e-001  2.5337673e+000
 -8.3792034e-001  2.5337529e+000
 -8.4482223e-001  2.5092119e+000
 -8.2984555e-001  2.5614728e+000
 -8.3069186e-001  2.4470485e+000
 -8.3384234e-001  2.4796599e+000
 -8.4307979e-001  2.5398289e+000
 -8.4191155e-001  2.4625895e+000
 -8.3865066e-001  2.5263021e+000
 -8.3058790e-001  2.4572574e+000
 -8.4841137e-001  2.4632089e+000
 -8.3630496e-001  2.4795220e+000
 -8.5017187e-001  2.4620213e+000
 -8.4597744e-001  2.4396417e+000
 -8.3521080e-001  2.5953286e+000
 -8.3324903e-001  2.5780798e+000
 -8.3359657e-001  2.5950965e+000
 -8.4394850e-001  2.5609710e+000
 -8.2799553e-001  2.5508360e+000
 -8.4853726e-001  2.4459860e+000
 -8.2945773e-001  2.4665756e+000
 -7.4050712e-001  2.5612252e+000
 -7.3306117e-001  2.4988544e+000
 -7.4806361e-001  2.5427114e+000
 -7.4345873e-001  2.4357625e+000
 -7.4183416e-001  2.3861787e+000
 -7.4106434e-001  2.4143190e+000
 -7.4525291e-001  2.3173881e+000
 -7.4690134e-001  2.4185248e+000
 -7.3018135e-001  2.4015687e+000
 -7.2992740e-001  2.2433588e+000
 -7.3905786e-001  2.3143117e+000
 -7.3876922e-001  2.3086426e+000
 -7.3829015e-001  2.2512218e+000
 -7.3165752e-001  2.2461643e+000
 -7.3532927e-001  2.2193103e+000
 -7.3211286e-001  2.0989547e+000
 -7.4261048e-001  2.1088108e+000
 -7.5249979e-001  2.0439450e+000
 -7.3726043e-001  2.0190757e+000
 -7.3978231e-001  2.0457865e+000
 -7.5057269e-001  2.0619699e+000
 -7.5017453e-001  2.0139952e+000
 -7.4622553e-001  1.9456147e+000
 -7.4330778e-001  2.0558277e+000
 -7.3314953e-001  2.0429887e+000
 -7.3374830e-001  2.0089833e+000
 -7.4268114e-001  1.9731266e+000
 -7.4094979e-001  1.9042606e+000
 -7.2978690e-001  1.9726963e+000
 -7.3784076e-001  1.9924752e+000
 -7.4168476e-001  1.9576829e+000
 -7.3331822e-001  1.9988386e+000
 -7.3896876e-001  1.8815743e+000
 -7.2981212e-001  1.8767148e+000
 -7.4531197e-001  1.8976088e+000
 -7.4142259e-001  1.9784695e+000
 -7.3600136e-001  1.9411984e+000
 -7.3908051e-001  1.8487833e+000
 -7.3098722e-001  1.9412056e+000
 -7.3281945e-001  1.9408026e+000
 -7.3704384e-001  1.9315330e+000
 -7.3537259e-001  1.9394003e+000
 -7.4380315e-001  1.8598002e+000
 -7.4617023e-001  1.8366122e+000
 -7.3601664e-001  1.9672116e+000
 -7.5000693e-001  1.8348696e+000
 -7.4651861e-001  1.8565148e+000
 -7.4950545e-001  1.9927414e+000
 -7.4976920e-001  1.9360828e+000
 -7.3128319e-001  1.8336476e+000
 -7.4802963e-001  1.8374055e+000
 -7.3938857e-001  1.9141355e+000
 -7.4852517e-001  1.9283999e+000
 -7.4886219e-001  1.8738979e+000
 -7.3027782e-001  1.8795058e+000
 -7.3044569e-001  1.9580360e+000
 -7.4471445e-001  1.9540378e+000
 -7.3458199e-001  1.9314353e+000
 -7.4296061e-001  1.9263979e+000
 -7.4251376e-001  1.9074526e+000
 -7.3117774e-001  1.8764667e+000
 -7.3261819e-001  1.9520182e+000
 -7.5103951e-001  1.9560576e+000
 -7.3534733e-001  1.8582935e+000
 -7.3852511e-001  1.9759273e+000
 -7.2934396e-001  1.8771777e+000
 -7.4094230e-001  1.9092405e+000
 -7.3364288e-001  1.8754436e+000
 -7.4630526e-001  1.9888969e+000
  6.6500377e-001  1.9631025e+000
  6.7379496e-001  1.8237842e+000
  6.7572813e-001  1.7700040e+000
  6.6736781e-001  1.7556551e+000
  6.7128744e-001  1.5116922e+000
  6.6897970e-001  1.3193699e+000
  6.6815170e-001  1.2413274e+000
  6.7366536e-001  1.0392319e+000
  6.7159725e-001  7.8170945e-001
  6.6589966e-001  6.4439857e-001
  6.7695994e-001  5.8585783e-001
  6.7157025e-001  2.7040433e-001
  6.7547401e-001  2.5247955e-001
  6.8397806e-001 -2.8623947e-003
  6.7108586e-001 -1.4131272e-002
  6.7896299e-001 -1.2746812e-001
  6.6398480e-001 -2.6233366e-001
  6.7939410e-001 -3.1936224e-001
  6.8345568e-001 -5.0277246e-001
  6.6346883e-001 -5.4826143e-001
  6.6302286e-001 -5.5757384e-001
  6.6867434e-001 -7.1581377e-001
  6.7188070e-001 -6.6339805e-001
  6.6798171e-001 -8.3431048e-001
  6.7918459e-001 -8.7632863e-001
  6.6424476e-001 -8.7566268e-001
  6.7067073e-001 -8.7933881e-001
  6.7193088e-001 -1.0082599e+000
  6.7995258e-001 -1.0449599e+000
  6.7182265e-001 -1.1072900e+000
  6.7641888e-001 -1.0453584e+000
  6.6679021e-001 -1.1708260e+000
  6.6569597e-001 -1.1291288e+000
  6.6665259e-001 -1.1918148e+000
  6.7187212e-001 -1.1359784e+000
  6.8546432e-001 -1.1376966e+000
  6.7660955e-001 -1.1923046e+000
  6.7796796e-001 -1.2865027e+000
  6.8549903e-001 -1.1725549e+000
  6.8511456e-001 -1.2941181e+000
  6.7800537e-001 -1.2675844e+000
  6.7514574e-001 -1.2002293e+000
  6.6914668e-001 -1.3590116e+000
  6.6227883e-001 -1.2651530e+000
  6.8385754e-001 -1.3657250e+000
  6.7947896e-001 -1.2713171e+000
  6.7713159e-001 -1.3505121e+000
  6.7200553e-001 -1.2511669e+000
  6.7609250e-001 -1.2752912e+000
  6.6242000e-001 -1.4058249e+000
  6.7722187e-001 -1.2922672e+000
  6.8425641e-001 -1.2456599e+000
  6.7272266e-001 -1.3001041e+000
  6.6726579e-001 -1.3318787e+000
  6.7047871e-001 -1.3527982e+000
  6.6953903e-001 -1.4046587e+000
  6.8256121e-001 -1.3148131e+000
  6.7115892e-001 -1.4132303e+000
  6.6283653e-001 -1.3969477e+000
  6.8507975e-001 -1.3751186e+000
  6.7859722e-001 -1.2928266e+000
  6.6498232e-001 -1.3238900e+000
  6.7663712e-001 -1.3612066e+000
  6.7955333e-001 -1.3690597e+000
  6.7185841e-001 -1.4418576e+000
  6.6288414e-001 -1.3836784e+000
  6.6799883e-001 -1.3381602e+000
  6.7963143e-001 -1.3355525e+000
  6.7966752e-001 -1.2775672e+000
 -6.2172371e-001 -1.3912605e+000
 -6.3384107e-001 -1.4264653e+000
 -6.3456559e-001 -1.2712584e+000
 -6.1812595e-001 -1.2625056e+000
 -6.1610203e-001 -1.0097637e+000
 -6.1729146e-001 -1.0112514e+000
 -6.1376676e-001 -7.5710314e-001
 -6.2289656e-001 -6.4784356e-001
 -6.2239536e-001 -5.3475064e-001
 -6.2251179e-001 -3.3102924e-001
 -6.2938317e-001 -3.0549233e-001
 -6.2334013e-001 -2.2702684e-002
 -6.2453347e-001  3.6264903e-002
 -6.1952107e-001  1.8893788e-001
 -6.3088540e-001  2.4309741e-001
 -6.1235730e-001  2.6167136e-001
 -6.1963907e-001  4.7201639e-001
 -6.3407021e-001  4.9738281e-001
 -6.2992116e-001  5.7080090e-001
 -6.2807682e-001  5.4615880e-001
 -6.2112754e-001  7.1344606e-001
 -6.1847578e-001  6.7180962e-001
 -6.1174742e-001  8.4947778e-001
 -6.2060699e-001  8.1324060e-001
 -6.1729392e-001  8.8366509e-001
 -6.1890189e-001  8.4965378e-001
 -6.1283007e-001  8.8248233e-001
 -6.3219171e-001  9.1367072e-001
 -6.3270709e-001  9.9694694e-001
 -6.2466513e-001  1.0718676e+000
 -6.1604953e-001  1.0486662e+000
 -6.1086403e-001  1.0113967e+000
 -6.2933610e-001  1.0642288e+000
 -6.1679560e-001  1.1866772e+000
 -6.1818666e-001  1.1741865e+000
 -6.1824458e-001  1.2242717e+000
 -6.2832024e-001  1.1580348e+000
 -6.1963190e-001  1.1886601e+000
 -6.2989099e-001  1.1981246e+000
 -6.1926374e-001  1.2676319e+000
 -6.2285525e-001  1.1855465e+000
 -6.3117588e-001  1.1366043e+000
 -6.1976821e-001  1.2177475e+000
 -6.1354575e-001  1.1616159e+000
 -6.1477817e-001  1.2421266e+000
 -6.1835913e-001  1.2430109e+000
 -6.1430529e-001  1.3144395e+000
 -6.2494205e-001  1.2655990e+000
 -6.1255120e-001  1.3216955e+000
 -6.3337833e-001  1.2544123e+000
 -6.2697595e-001  1.2685902e+000
 -6.2642859e-001  1.2517627e+000
 -6.1930067e-001  1.2742907e+000
 -6.1936564e-001  1.2313960e+000
 -6.3313642e-001  1.2491505e+000
 -6.2483914e-001  1.3661240e+000
 -6.1571382e-001  1.2330108e+000
 -6.2583213e-001  1.3516588e+000
 -6.2926389e-001  1.3558577e+000
 -6.1263788e-001  1.3288911e+000
 -6.1772996e-001  1.2762876e+000
 -6.2024443e-001  1.3470799e+000
 -6.3248814e-001  1.3139463e+000
 -6.2740389e-001  1.3770118e+000
 -6.2430838e-001  1.3305432e+000
 -6.2723420e-001  1.2143391e+000
 -6.1357815e-001  1.3744608e+000
 -6.2801534e-001  1.2542444e+000
 -6.2015622e-001  1.3026023e+000
  5.1014356e-002  1.3823447e+000
  5.6001459e-002  1.2690015e+000
  6.0530371e-002  1.2668949e+000
  3.8718215e-002  1.1850214e+000
  4.1812459e-002  1.1689179e+000
  5.3577162e-002  1.1541710e+000
  4.0913002e-002  1.0847464e+000
  5.3568150e-002  8.5443381e-001
  4.5780173e-002  8.4045713e-001
  3.8395502e-002  7.3550366e-001
  5.9944887e-002  6.5980475e-001
  4.9898238e-002  6.7502860e-001
  5.4139892e-002  6.8658009e-001
  5.5537223e-002  6.2823232e-001
  4.6558670e-002  4.2743830e-001
  4.0329723e-002  4.7320659e-001
  4.2107997e-002  3.6419223e-001
  4.7565105e-002  2.8936204e-001
  4.5442469e-002  2.7827251e-001
  5.7544224e-002  2.3139598e-001
  6.0976080e-002  3.3357945e-001
  4.2822793e-002  2.7540294e-001
  4.0292184e-002  2.6513076e-001
  4.8968189e-002  1.1752002e-001
  3.7959177e-002  2.3311989e-001
  4.7004111e-002  2.1661966e-001
  6.0559870e-002  1.4755177e-001
  5.5979375e-002  1.3674508e-001
  5.1327565e-002  8.7075312e-002
  4.5645158e-002  7.7550107e-002
  5.5712553e-002  1.3861200e-001
  4.8163371e-002  1.4389413e-001
  5.3203479e-002  5.8103875e-002
  5.2382664e-002  1.3246148e-001
  5.8296440e-002  4.4615079e-002
  5.9384254e-002 -2.1943154e-002
  4.0820172e-002  5.4562479e-002
  4.8747674e-002 -4.8543403e-002
  4.6962091e-002  2.0529517e-002
  5.0807508e-002 -6.8023676e-002
  4.4123416e-002  8.8125312e-002
  4.3134661e-002 -5.7007801e-002
  5.6166981e-002  6.9361497e-003
  4.9648005e-002 -7.9199860e-002
  4.5806266e-002 -6.1980045e-003
  5.5472398e-002 -3.1384192e-002
  4.2392642e-002 -1.7917394e-002
  4.4289659e-002 -1.3521104e-003
  5.6815705e-002 -1.7340457e-003
  4.4762803e-002 -1.2034461e-002
  5.9705849e-002 -6.4935634e-002
  4.5229929e-002  5.6115277e-002
  3.9994358e-002 -9.3063474e-002
  4.1929081e-002  2.0283606e-002
  4.7135687e-002 -5.7892651e-003
  4.6897231e-002 -8.7192932e-002
  3.7947308e-002  5.1147691e-002
  4.7536697e-002  1.6139632e-002
  5.3007412e-002 -3.4830828e-002
  5.0895068e-002 -6.6334167e-002
  3.7542742e-002 -1.0760721e-001
  4.4916994e-002 -2.5195088e-002
  4.3946670e-002 -1.1478072e-001
  5.1542428e-002 -4.9550456e-002
  5.9089761e-002 -7.8001461e-002
  4.3290415e-002 -1.1642811e-001
  4.3020339e-002 -3.6924850e-002
  4.6988187e-002  1.0120088e-002
  4.1889476e-002 -4.6890366e-002
  8.6110651e-001  7.7371868e-003
  8.7067929e-001 -5.3972926e-003
  8.5738974e-001 -8.1041852e-002
  8.6741858e-001 -1.2927314e-001
  8.6746274e-001 -2.3479849e-001
  8.7974482e-001 -3.8176505e-001
  8.7124166e-001 -5.7830333e-001
  8.6873101e-001 -6.6794626e-001
  8.6340702e-001 -8.7156725e-001
  8.7783790e-001 -9.0615805e-001
  8.7300306e-001 -1.0445725e+000
  8.5843591e-001 -1.1341428e+000
  8.7200252e-001 -1.3637245e+000
  8.7650528e-001 -1.4302778e+000
  8.7413138e-001 -1.5714817e+000
  8.7530174e-001 -1.6403337e+000
  8.7681245e-001 -1.7496022e+000
  8.6546013e-001 -1.7605173e+000
  8.6259423e-001 -1.7931260e+000
  8.7777796e-001 -1.8279625e+000
  8.6217127e-001 -1.9622338e+000
  8.6911497e-001 -1.9216918e+000
  8.5947975e-001 -2.1200461e+000
  8.6764379e-001 -2.1555457e+000
  8.5806892e-001 -2.1192625e+000
  8.5955103e-001 -2.2481157e+000
  8.7613061e-001 -2.2581136e+000
  8.6922657e-001 -2.2895588e+000
  8.5799032e-001 -2.2192999e+000
  8.6062079e-001 -2.2984829e+000
  8.5736095e-001 -2.3150291e+000
  8.7202346e-001 -2.2577994e+000
  8.7106775e-001 -2.2932415e+000
  8.6824210e-001 -2.3949450e+000
  8.6245131e-001 -2.3505813e+000
  8.7552380e-001 -2.4290026e+000
  8.7598590e-001 -2.4645688e+000
  8.7152847e-001 -2.3325972e+000
  8.6664818e-001 -2.3460190e+000
  8.6283461e-001 -2.4782770e+000
  8.7665374e-001 -2.4502635e+000
  8.7814679e-001 -2.4882393e+000
  8.6183091e-001 -2.4570043e+000
  8.7542659e-001 -2.4071397e+000
  8.6397668e-001 -2.4110802e+000
  8.6243454e-001 -2.4594169e+000
  8.7549480e-001 -2.4825252e+000
  8.6506375e-001 -2.4381673e+000
  8.6323350e-001 -2.5361718e+000
  8.6541774e-001 -2.5626903e+000
  8.6537467e-001 -2.4324927e+000
  8.7061170e-001 -2.4498876e+000
  8.7219464e-001 -2.5720082e+000
  8.7570399e-001 -2.5450693e+000
  8.6596912e-001 -2.5311727e+000
  8.6779799e-001 -2.4354207e+000
  8.8014960e-001 -2.5645571e+000
  8.5968689e-001 -2.4818056e+000
  8.6205810e-001 -2.5196961e+000
  8.6275376e-001 -2.5639145e+000
  8.6654011e-001 -2.5559225e+000
  8.7416273e-001 -2.5509372e+000
  8.6676658e-001 -2.4931283e+000
  8.7111215e-001 -2.5155428e+000
  8.6417249e-001 -2.4719650e+000
  8.6237094e-001 -2.4735529e+000
  8.6800811e-001 -2.4439787e+000
  8.5745720e-001 -2.4832578e+000
  8.5938492e-001 -2.5539466e+000
 -4.8762861e-001 -2.5208673e+000
 -4.9663439e-001 -2.4465311e+000
 -4.8503268e-001 -2.4960490e+000
 -4.7771418e-001 -2.2738065e+000
 -4.9454195e-001 -2.2212790e+000
 -4.8629595e-001 -2.0400323e+000
 -4.7562016e-001 -1.8608817e+000
 -4.9140761e-001 -1.6290651e+000
 -4.8238799e-001 -1.5302377e+000
 -4.8951319e-001 -1.2038784e+000
 -4.7493944e-001 -1.1167538e+000
 -4.7592035e-001 -8.7627657e-001
 -4.8598794e-001 -8.6715868e-001
 -4.9026382e-001 -7.4989307e-001
 -4.9253009e-001 -5.6698419e-001
 -4.9130883e-001 -4.7254855e-001
 -4.9373087e-001 -3.2112133e-001
 -4.9832008e-001 -1.5018258e-001
 -4.9035463e-001 -1.0482322e-001
 -4.8564322e-001 -1.2559336e-001
 -4.8482004e-001  9.5822744e-002
 -4.8164567e-001  1.7234346e-001
 -4.8608335e-001  1.3116103e-001
 -4.8133740e-001  2.7002368e-001
 -4.9368681e-001  1.9420134e-001
 -4.7600157e-001  2.7951862e-001
 -4.8078597e-001  2.9378288e-001
 -4.8775685e-001  4.5608225e-001
 -4.8498499e-001  4.4459503e-001
 -4.7725289e-001  4.4158440e-001
 -4.9219681e-001  5.3055586e-001
 -4.9328790e-001  4.8826306e-001
 -4.8957790e-001  5.9511956e-001
 -4.7710000e-001  6.5563091e-001
 -4.9352752e-001  5.9728789e-001
 -4.8009471e-001  6.5599204e-001
 -4.8745642e-001  6.1231791e-001
 -4.9275840e-001  6.5957861e-001
 -4.9310530e-001  6.1926167e-001
 -4.7548828e-001  7.4091237e-001
 -4.9717632e-001  5.9836371e-001
 -4.8259767e-001  7.1179499e-001
 -4.7791871e-001  7.5568740e-001
 -4.9423262e-001  7.6329591e-001
 -4.7919613e-001  7.7281053e-001
 -4.9652742e-001  6.9094353e-001
 -4.7762646e-001  7.9856851e-001
 -4.9806035e-001  7.9998748e-001
 -4.8732042e-001  6.6729538e-001
 -4.8813044e-001  7.6539338e-001
 -4.8099194e-001  7.2361066e-001
 -4.8784492e-001  8.3288709e-001
 -4.9069713e-001  7.6010253e-001
 -4.7475629e-001  7.3919402e-001
 -4.9107896e-001  8.5066332e-001
 -4.8631423e-001  7.0753867e-001
 -4.9763727e-001  7.7069552e-001
 -4.8146017e-001  7.4727257e-001
 -4.9492093e-001  7.1885818e-001
 -4.7642073e-001  7.9813692e-001
 -4.9236090e-001  8.1370672e-001
 -4.9788926e-001  7.7535035e-001
 -4.8537967e-001  8.1997055e-001
 -4.9070326e-001  8.4217717e-001
 -4.8386621e-001  7.4048603e-001
 -4.9772450e-001  7.7706907e-001
 -4.8066295e-001  7.6415177e-001
 -4.9814586e-001  7.3592125e-001
 -4.7752317e-001  7.2177817e-001
  8.0490803e-001  7.4298639e-001
  8.1895854e-001  8.5445320e-001
  8.1628407e-001  8.0471523e-001
  8.1690848e-001  6.4825855e-001
  8.1063694e-001  5.0543293e-001
  8.1898446e-001  3.4901385e-001
  8.1442179e-001  1.2881996e-001
  8.2343659e-001 -5.4012916e-002
  8.1692360e-001 -1.5406610e-001
  8.0997226e-001 -3.5102612e-001
  8.0508662e-001 -4.9182464e-001
  8.1738755e-001 -6.2983524e-001
  8.1466113e-001 -6.8440053e-001
  8.1281642e-001 -8.0313308e-001
  8.1263634e-001 -9.1743359e-001
  8.1248398e-001 -1.0997468e+000
  8.1969865e-001 -1.1815038e+000
  8.1318042e-001 -1.2138363e+000
  8.1980371e-001 -1.3060098e+000
  8.0531051e-001 -1.4579265e+000
  8.1917342e-001 -1.4639447e+000
  8.1199643e-001 -1.5620799e+000
  8.1967417e-001 -1.5771184e+000
  8.2097164e-001 -1.5551571e+000
  8.0417656e-001 -1.7484875e+000
  8.1372369e-001 -1.7753247e+000
  8.1814863e-001 -1.7342411e+000
  8.2408743e-001 -1.8296438e+000
  8.1581437e-001 -1.8049669e+000
  8.1352790e-001 -1.8964149e+000
  8.2445208e-001 -1.8064489e+000
  8.0782577e-001 -1.9304597e+000
  8.1080299e-001 -1.9069158e+000
  8.2063230e-001 -1.8937081e+000
  8.0899512e-001 -1.9947876e+000
  8.0738970e-001 -1.9013131e+000
  8.0649700e-001 -2.0510886e+000
  8.1198470e-001 -2.0113818e+000
  8.1319793e-001 -1.9654412e+000
  8.1048737e-001 -2.0872924e+000
  8.0947047e-001 -2.0726844e+000
  8.1785968e-001 -2.1139787e+000
  8.0791297e-001 -2.0428170e+000
  8.2324507e-001 -2.0771289e+000
  8.1412546e-001 -2.1310099e+000
  8.2464188e-001 -2.0834689e+000
  8.0285411e-001 -2.1662794e+000
  8.0959018e-001 -2.1346084e+000
  8.0644214e-001 -2.0932252e+000
  8.0869930e-001 -2.1045752e+000
  8.0807745e-001 -2.0870224e+000
  8.1230113e-001 -2.1251236e+000
  8.0769196e-001 -2.1880604e+000
  8.0366952e-001 -2.1255517e+000
  8.0653523e-001 -2.1484922e+000
  8.2446970e-001 -2.1679121e+000
  8.0263648e-001 -2.0627806e+000
  8.0312732e-001 -2.2014822e+000
  8.0759854e-001 -2.2031658e+000
  8.0559331e-001 -2.0861234e+000
  8.2604071e-001 -2.1759659e+000
  8.2053393e-001 -2.1175375e+000
  8.0776475e-001 -2.1042948e+000
  8.2487143e-001 -2.1271023e+000
  8.1571600e-001 -2.1301419e+000
  8.0347500e-001 -2.0568874e+000
  8.1602112e-001 -2.0895542e+000
  8.1541641e-001 -2.1118631e+000
  8.0238059e-001 -2.1129724e+000
  7.4570838e-001 -2.1322017e+000
  7.4196900e-001 -2.2076478e+000
  7.5691590e-001 -2.2037821e+000
  7.5373967e-001 -2.0485765e+000
  7.4188999e-001 -2.1190996e+000
  7.4912085e-001 -2.1242712e+000
  7.5537234e-001 -2.0657245e+000
  7.5126947e-001 -1.9969242e+000
  7.4912323e-001 -2.0171806e+000
  7.5229957e-001 -2.0691980e+000
  7.3902017e-001 -1.9477805e+000
  7.5378556e-001 -2.0316986e+000
  7.3705738e-001 -1.9764421e+000
  7.4226084e-001 -1.8966370e+000
  7.3901351e-001 -1.9853394e+000
  7.5497905e-001 -1.9291022e+000
  7.5003863e-001 -1.9200941e+000
  7.5842893e-001 -1.8216755e+000
  7.3858959e-001 -1.9331696e+000
  7.5505594e-001 -1.9319921e+000
  7.3776600e-001 -1.7864503e+000
  7.5212065e-001 -1.7947518e+000
  7.4030227e-001 -1.8295008e+000
  7.5902979e-001 -1.7968195e+000
  7.4364404e-001 -1.7621239e+000
  7.4008274e-001 -1.8514764e+000
  7.5499026e-001 -1.7210973e+000
  7.5678346e-001 -1.8521411e+000
  7.3734008e-001 -1.7228454e+000
  7.5803936e-001 -1.8507096e+000
  7.5440892e-001 -1.8390310e+000
  7.4507364e-001 -1.8408252e+000
  7.5144656e-001 -1.7839233e+000
  7.3740411e-001 -1.8025313e+000
  7.5825566e-001 -1.7337799e+000
  7.3837804e-001 -1.7941510e+000
  7.4167706e-001 -1.6925432e+000
  7.4473911e-001 -1.8262473e+000
  7.3825144e-001 -1.7324745e+000
  7.4772753e-001 -1.7132279e+000
  7.3886937e-001 -1.7259916e+000
  7.5380761e-001 -1.7661283e+000
  7.5801576e-001 -1.8010560e+000
  7.3913446e-001 -1.8218404e+000
  7.4059929e-001 -1.8061757e+000
  7.4568639e-001 -1.8077472e+000
  7.5483655e-001 -1.7312539e+000
  7.4884230e-001 -1.6902007e+000
  7.4022511e-001 -1.7389475e+000
  7.4252345e-001 -1.7159598e+000
  7.4165470e-001 -1.8141793e+000
  7.4760881e-001 -1.6760264e+000
  7.4613480e-001 -1.7365191e+000
  7.4157425e-001 -1.8296498e+000
  7.4692334e-001 -1.7473151e+000
  7.5431508e-001 -1.8005646e+000
  7.5889521e-001 -1.7676908e+000
  7.3829687e-001 -1.8042483e+000
  7.4303907e-001 -1.7207417e+000
  7.4942389e-001 -1.8222354e+000
  7.5631354e-001 -1.6704378e+000
  7.3971068e-001 -1.6981128e+000
  7.5674628e-001 -1.8011378e+000
  7.4209314e-001 -1.8089958e+000
  7.5510058e-001 -1.8042638e+000
  7.3680247e-001 -1.7367168e+000
  7.5458109e-001 -1.7502290e+000
  7.5882246e-001 -1.7044694e+000
  7.5496111e-001 -1.6909937e+000
 -4.1794929e-001 -1.7427398e+000
 -4.1559444e-001 -1.6824346e+000
 -4.1461105e-001 -1.6345069e+000
 -4.1966301e-001 -1.6642728e+000
 -4.0515762e-001 -1.5091669e+000
 -4.1899064e-001 -1.3437159e+000
 -4.1909896e-001 -1.3008193e+000
 -4.0927276e-001 -1.1313847e+000
 -4.2056403e-001 -9.2980260e-001
 -4.2092673e-001 -8.3397978e-001
 -4.1445788e-001 -6.6877472e-001
 -4.0162764e-001 -6.3122619e-001
 -4.0123140e-001 -5.3628876e-001
 -4.2237443e-001 -4.5495145e-001
 -4.1506128e-001 -3.8807959e-001
 -4.0614094e-001 -2.0090625e-001
 -4.1948203e-001 -2.8297409e-001
 -4.0346175e-001 -9.5483985e-002
 -4.1271435e-001 -2.4662727e-002
 -4.1985857e-001  1.8721527e-002
 -4.0257715e-001  4.3111213e-003
 -4.1769044e-001  7.5175010e-002
 -4.2147443e-001  2.0593361e-001
 -4.1949442e-001  1.4907317e-001
 -4.1166494e-001  2.0186311e-001
 -4.2083572e-001  2.2614126e-001
 -4.0626495e-001  3.3853636e-001
 -4.0291215e-001  3.5339515e-001
 -4.1486354e-001  2.9402648e-001
 -4.0298972e-001  2.9917619e-001
 -4.1498026e-001  3.7332071e-001
 -4.1395986e-001  3.2186646e-001
 -4.1071074e-001  4.9218882e-001
 -4.0435003e-001  4.6164976e-001
 -4.0685321e-001  4.3690694e-001
 -4.0611353e-001  4.5439477e-001
 -4.1157357e-001  4.0002932e-001
 -4.0154499e-001  4.6177389e-001
 -4.0416848e-001  4.6274787e-001
 -3.9895293e-001  4.9008576e-001
 -4.0269076e-001  5.7530093e-001
 -4.0675311e-001  4.8352927e-001
 -4.1531604e-001  5.7987555e-001
 -4.0229461e-001  5.9865132e-001
 -4.1985393e-001  5.2410360e-001
 -4.0673213e-001  5.2824014e-001
 -4.1662278e-001  5.7564025e-001
 -4.1298869e-001  6.1700473e-001
 -4.0823063e-001  5.0618996e-001
 -4.0702775e-001  5.2933074e-001
 -4.0211179e-001  5.4615269e-001
 -4.0963441e-001  5.5067673e-001
 -3.9979223e-001  5.6447714e-001
 -4.0191542e-001  5.5733059e-001
 -4.0198573e-001  5.0794571e-001
 -4.0811908e-001  4.9087853e-001
 -4.0552623e-001  6.5331072e-001
 -4.0390080e-001  5.8642531e-001
 -4.2049274e-001  5.9344564e-001
 -4.1163271e-001  6.2828674e-001
 -4.1038309e-001  5.7533119e-001
 -4.1661229e-001  6.1191469e-001
 -4.0900801e-001  5.5905704e-001
 -4.0870936e-001  5.7531097e-001
 -4.1454799e-001  5.1425749e-001
 -4.1023952e-001  5.3768086e-001
 -4.0001102e-001  5.4981707e-001
 -4.1855429e-001  5.4316649e-001
 -4.0277395e-001  5.2037059e-001
 -4.4891604e-001  6.4105374e-001
 -4.3802315e-001  5.2033454e-001
 -4.4037921e-001  5.5820668e-001
 -4.5045669e-001  5.9239253e-001
 -4.4078287e-001  6.3275412e-001
 -4.5085634e-001  6.5461319e-001
 -4.3915110e-001  5.5481935e-001
 -4.5374198e-001  5.6630985e-001
 -4.3476066e-001  6.0449144e-001
 -4.5092884e-001  5.4672991e-001
 -4.3698218e-001  6.4364090e-001
 -4.3430750e-001  7.1080347e-001
 -4.5145879e-001  6.1006183e-001
 -4.3582295e-001  6.3578545e-001
 -4.4336969e-001  6.6251891e-001
 -4.4395469e-001  7.0201078e-001
 -4.4946308e-001  6.5085336e-001
 -4.5196272e-001  6.2814885e-001
 -4.3626745e-001  6.6813360e-001
 -4.3657567e-001  7.2237887e-001
 -4.4746437e-001  5.9495030e-001
 -4.5538431e-001  7.1315868e-001
 -4.5672180e-001  7.2748632e-001
 -4.3879393e-001  6.6103045e-001
 -4.4094926e-001  7.2270164e-001
 -4.4758298e-001  7.1254496e-001
 -4.4545621e-001  6.7751985e-001
 -4.4308651e-001  5.9677902e-001
 -4.5172763e-001  6.6710540e-001
 -4.5472921e-001  6.0498122e-001
 -4.4220496e-001  5.9500501e-001
 -4.3571413e-001  7.2120634e-001
 -4.5686071e-001  6.3360756e-001
 -4.3555621e-001  6.7330964e-001
 -4.4941160e-001  6.3801779e-001
 -4.5625954e-001  6.6882696e-001
 -4.3543290e-001  7.5114208e-001
 -4.5607913e-001  5.9671114e-001
 -4.5275974e-001  6.7402764e-001
 -4.5176555e-001  5.9062977e-001
 -4.4004509e-001  6.6681026e-001
 -4.5074203e-001  6.3596313e-001
 -4.5457740e-001  6.1235813e-001
 -4.4338381e-001  6.4669871e-001
 -4.3449417e-001  6.1042907e-001
 -4.3706955e-001  6.2854877e-001
 -4.4374191e-001  6.9095456e-001
 -4.3872137e-001  6.1444885e-001
 -4.3671264e-001  6.4218500e-001
 -4.3608543e-001  6.0547365e-001
 -4.5580139e-001  6.7157507e-001
 -4.4382262e-001  6.0468217e-001
 -4.5345192e-001  7.1303233e-001
 -4.5397021e-001  6.4976882e-001
 -4.5447582e-001  7.4812504e-001
 -4.3689037e-001  6.2699519e-001
 -4.3471440e-001  7.5158241e-001
 -4.3962045e-001  6.2064125e-001
 -4.4858841e-001  6.3535504e-001
 -4.5537129e-001  7.4616729e-001
 -4.4392751e-001  7.0753634e-001
 -4.4161000e-001  7.2796311e-001
 -4.5545065e-001  6.2869308e-001
 -4.4632969e-001  6.0809598e-001
 -4.5100302e-001  7.3721509e-001
 -4.5129798e-001  6.6590948e-001
 -4.3925842e-001  6.6203084e-001
 -4.5231885e-001  6.8635431e-001
 -4.3507994e-001  6.5908540e-001
 -4.0557713e-002  7.1523712e-001
 -4.2871034e-002  6.7116541e-001
 -5.3658141e-002  6.6894354e-001
 -4.4045217e-002  5.8627229e-001
 -3.7951683e-002  6.8785967e-001
 -4.7093962e-002  6.5327062e-001
 -5.3581227e-002  5.0358317e-001
 -4.1973914e-002  5.1710042e-001
 -4.4677859e-002  4.1281091e-001
 -3.5033731e-002  3.5664949e-001
 -4.0189978e-002  3.6903190e-001
 -5.2859381e-002  3.7306097e-001
 -5.5376160e-002  3.4337802e-001
 -3.7875107e-002  2.7182868e-001
 -5.7247258e-002  3.4602347e-001
 -4.1681622e-002  3.2265735e-001
 -3.5324447e-002  2.3409409e-001
 -4.5047645e-002  2.9482381e-001
 -3.6901400e-002  2.5646729e-001
 -3.4948861e-002  2.4432052e-001
 -5.3318995e-002  2.5430834e-001
 -5.6291163e-002  1.5417768e-001
 -3.6788238e-002  1.5157383e-001
 -3.5582249e-002  1.9282332e-001
 -3.7177921e-002  1.5497153e-001
 -5.0469123e-002  1.1014805e-001
 -4.6819795e-002  1.8024233e-001
 -5.6811028e-002  2.0026212e-001
 -3.4290830e-002  5.8057957e-002
 -4.1145600e-002  6.8670656e-002
 -5.4420210e-002  1.6232977e-001
 -5.4527798e-002  9.2518148e-002
 -4.9470599e-002  7.6046114e-002
 -4.1611815e-002  7.2239995e-002
 -3.4658269e-002  1.3555731e-004
 -5.0638384e-002  8.6587782e-003
 -3.8889854e-002  6.7748663e-002
 -4.9413024e-002  1.4563183e-001
 -4.3356939e-002  1.2135539e-001
 -4.3486965e-002  1.2266486e-002
 -4.4394962e-002  1.2733989e-001
 -5.2152306e-002  1.4129874e-001
 -3.4348742e-002  8.3223086e-002
 -5.2048793e-002  4.4306884e-002
 -5.0976142e-002 -1.6593211e-002
 -4.9460293e-002  3.5349038e-002
 -5.4763275e-002  7.8425944e-002
 -5.3876696e-002  6.3143505e-002
 -4.0266332e-002  7.3386867e-002
 -3.6753420e-002  1.0177466e-001
 -4.6891508e-002  5.9964421e-002
 -3.4794433e-002  3.4344184e-002
 -5.0016603e-002  1.1895389e-001
 -4.8035997e-002  3.4255632e-002
 -5.6620690e-002  4.9685202e-002
 -5.6655481e-002  3.8315591e-002
 -5.5853066e-002  4.2077318e-003
  9.3431536e-001  5.9682947e-002
